row_id,source,temperature_C,MEA_weight_fraction,CO2_loading,pressure_Pa,model_family,target_x_CO2,target_role_CO2,target_x_MEA,target_role_MEA,target_x_MEAH+,target_role_MEAH+,target_x_MEACOO-,target_role_MEACOO-,target_x_HCO3-,target_role_HCO3-,target_x_CO3^2-,target_role_CO3^2-,target_x_H3O+,target_role_H3O+,target_x_OH-,target_role_OH-,target_x_MEA + MEAH+,target_role_MEA + MEAH+,model_x_CO2,log10_model_over_target_CO2,model_x_MEA,log10_model_over_target_MEA,model_x_MEAH+,log10_model_over_target_MEAH+,model_x_MEACOO-,log10_model_over_target_MEACOO-,model_x_HCO3-,log10_model_over_target_HCO3-,model_x_CO3^2-,log10_model_over_target_CO3^2-,model_x_H3O+,log10_model_over_target_H3O+,model_x_OH-,log10_model_over_target_OH-,model_x_MEA + MEAH+,log10_model_over_target_MEA + MEAH+,reaction_residual_R1_water_autoionization,reaction_residual_R2_CO2_to_HCO3,reaction_residual_R3_HCO3_to_CO3,reaction_residual_R4_MEACOO_hydrolysis,reaction_residual_R5_MEAH_dissociation,mass_balance_residual_carbon_total,mass_balance_residual_mea_total,mass_balance_residual_water_total,charge_residual,max_abs_reaction_residual,state_failure_count,solver_success,message,parity_family,observed_CO2_pressure_kPa,model_CO2_pressure_kPa,model_total_pressure_kPa,log10_model_over_data,fugacity_residual_norm
cheq_0000,Bottinger,20.0,0.3,0.075,101325.0,phase2_epcsaft_activity_speciation,0.001349733698209097,balance_inferred,0.1485240758048173,balance_inferred,0.007108386177778303,balance_inferred,0.008558218196366253,direct_positive,0.002407277393596117,balance_inferred,1.0000000599303723e-12,balance_inferred,0.0038571094141840673,balance_inferred,1e-12,balance_inferred,0.15563246198259562,aggregate_direct_positive,2.2275163791273525e-11,,0.0953429342255098,,0.008951861140982918,,0.007951381191079777,-0.03194078072380786,5.7086983154016105e-06,,0.0004613733954016766,,4.024162829693227e-14,,7.20245909846952e-05,,0.10429479536649272,-0.1738375513752612,-2.9924000877201706e-07,-2.3875573162968067e-07,-2.7427467941265604e-07,5.091882293584149e-08,-6.140010064825674e-07,6.329548812161745e-10,7.576607341519548e-09,-5.285449189429414e-09,-1.290734680459626e-10,6.140010064825674e-07,0,True,converged,speciation,,,,,
cheq_0001,Matin,20.0,0.3,0.106,101325.0,phase2_epcsaft_activity_speciation,0.0004659364507745255,balance_inferred,0.0945878839581132,direct_positive,0.011548774053759188,direct_positive,0.0094070367534475,direct_positive,0.002379928783704481,direct_positive,1.0000000000000002e-12,balance_inferred,0.00023819148539279414,balance_inferred,1.0000000000000002e-12,balance_inferred,0.10613665801187239,aggregate_direct_positive,5.112509571521724e-11,,0.0884110253760998,-0.029329082426737207,0.012461147282702088,0.03302214446389164,0.011373997337466338,0.08246028142842898,9.018022960540547e-06,-2.421452624832195,0.0005150787140132267,,5.3250861123430166e-14,,4.797470051611725e-05,,0.10087217265880188,-0.02209403353788697,-5.375344240832192e-07,-5.418772133225502e-07,-7.242929918049867e-07,1.4359048883250125e-07,3.2309628750226693e-07,2.245695348429555e-10,1.1307044606168049e-09,1.6969669003330523e-09,-2.0378940418177725e-10,7.242929918049867e-07,0,True,converged,speciation,,,,,
cheq_0002,Jakobsen,20.0,0.3,0.11,101325.0,phase2_epcsaft_activity_speciation,0.0014901398567530864,balance_inferred,0.10375398565946305,direct_positive,0.008111061088673275,direct_positive,0.010446363876531545,direct_positive,0.0014267018336826872,balance_inferred,9.384703518690875e-05,direct_positive,0.003949698691914776,balance_inferred,9.999999999999998e-13,balance_inferred,0.11186504674813633,aggregate_direct_positive,5.6222665111647864e-11,,0.08751576558253937,-0.0739184925960023,0.012912975428712333,0.2019486523216296,0.011817430747716141,0.053557916463040395,9.49691708817369e-06,,0.0005201512852761439,0.7437091189979362,5.487244994709207e-14,,4.5745414669232135e-05,,0.10042874101125171,-0.04683639011082009,-5.504686608759357e-07,-5.481304796717268e-07,-9.939055125585128e-07,1.629029835470419e-07,9.079887064444847e-08,4.2695504597067835e-10,2.868312296011588e-09,-7.447320538034319e-11,-2.1856005223821811e-10,9.939055125585128e-07,0,True,converged,speciation,,,,,
cheq_0003,Matin,20.0,0.3,0.128,101325.0,phase2_epcsaft_activity_speciation,0.0005800357394460489,balance_inferred,0.0894516559113918,direct_positive,0.013970719786221417,direct_positive,0.012016278610498865,direct_positive,0.002186138202941212,direct_positive,9.999999999999998e-13,balance_inferred,0.00023169702921866162,balance_inferred,9.999999999999998e-13,balance_inferred,0.10342237569761321,aggregate_direct_positive,8.425638519964591e-11,,0.08348569942373679,-0.029976294615834023,0.014943829716595625,0.029243128172752497,0.013816640831631708,0.060632478735085996,1.1823074539176115e-05,-2.2669471860162305,0.0005390458794395795,,6.208307657789953e-14,,3.727427238841599e-05,,0.09842952914033241,-0.02148910208862839,-5.212918487984552e-07,-5.052293232665761e-07,-6.251578348326348e-07,1.4634175826699902e-07,3.015722214172456e-07,2.617515093561451e-10,1.1711175917916705e-09,2.2150296041800743e-09,-2.176536118423853e-10,6.251578348326348e-07,0,True,converged,speciation,,,,,
cheq_0004,Bottinger,20.0,0.3,0.15,101325.0,phase2_epcsaft_activity_speciation,0.002842579515530056,balance_inferred,0.1321907641830946,balance_inferred,0.014720383632712565,balance_inferred,0.017016381653062802,direct_positive,0.004700393612896424,balance_inferred,3.1821448686563244e-05,balance_inferred,0.007060034530619789,balance_inferred,1e-12,balance_inferred,0.14691114781580716,aggregate_direct_positive,1.3290798353282998e-10,,0.07855795589045915,,0.017421634672389268,,0.01626658606893434,-0.01957080216226605,1.5102627932614782e-05,,0.0005552377507016965,,7.084494774839327e-14,,2.9470643629311744e-05,,0.09597959056284841,-0.1848758589375891,-9.673621264028043e-07,-9.098828890330424e-07,-4.29332800422344e-07,1.4691415017864529e-07,-9.921529375844784e-07,1.238202498865526e-09,7.692749742771454e-09,-4.5860045760903745e-09,-1.6663394639075528e-10,9.921529375844784e-07,0,True,converged,speciation,,,,,
cheq_0005,Matin,20.0,0.3,0.15,101325.0,phase2_epcsaft_activity_speciation,0.0006577598799592761,balance_inferred,0.08416674701542201,direct_positive,0.016296979233660143,direct_positive,0.014622435924280733,direct_positive,0.001990136025803461,direct_positive,9.999999999999998e-13,balance_inferred,0.0003155927184240528,balance_inferred,9.999999999999998e-13,balance_inferred,0.10046372624908215,aggregate_direct_positive,1.329081132309013e-10,,0.07855795118714513,-0.029950393921419908,0.017421632787664662,0.02898174331111307,0.016266585907802507,0.04627668418769231,1.5102629082848788e-05,-2.119830205101572,0.0005552369309574496,,7.084504391707538e-14,,2.9470619163531905e-05,,0.0959795839748098,-0.019830419175046913,-4.595340641344592e-07,-4.6960634847437177e-07,-7.104512995681489e-07,1.5444358147931325e-07,3.3114281450252747e-07,2.888634539899293e-10,1.1497612167898907e-09,2.7982440808926867e-09,-2.2641612780341987e-10,7.104512995681489e-07,0,True,converged,speciation,,,,,
cheq_0006,Matin,20.0,0.3,0.173,101325.0,phase2_epcsaft_activity_speciation,0.0007448135101742017,balance_inferred,0.07899057569095763,direct_positive,0.018728481369965206,direct_positive,0.017143582107529688,direct_positive,0.00199140032760298,direct_positive,1.0000000000000002e-12,balance_inferred,0.0004065010671674627,balance_inferred,1.0000000000000002e-12,balance_inferred,0.09771905706092283,aggregate_direct_positive,2.0768912313709927e-10,,0.07340482876541499,-0.031850649112348035,0.02000815015561913,0.02870437468120354,0.018833190901840265,0.04082233684613489,1.91605292732746e-05,-2.0167510727680926,0.000566235862321548,,8.018851036807018e-14,,2.3327236641781026e-05,,0.09341297892103412,-0.019572045737537236,-4.0693134906177875e-07,-4.1946065820752665e-07,-6.138843922087744e-07,1.4680688664725494e-07,3.4312211383280555e-07,3.206712811953949e-10,1.1631435675729662e-09,3.368738066278354e-09,-2.32190290797951e-10,6.138843922087744e-07,0,True,converged,speciation,,,,,
cheq_0007,Matin,20.0,0.3,0.195,101325.0,phase2_epcsaft_activity_speciation,0.0007199482976965604,balance_inferred,0.07378495958849504,direct_positive,0.02116978641583912,direct_positive,0.019644835835740577,direct_positive,0.0019920912636591562,direct_positive,1.003051605363638e-12,balance_inferred,0.0004671406855667158,balance_inferred,1e-12,balance_inferred,0.09495474600433416,aggregate_direct_positive,3.1262214167861894e-10,,0.0684751825831942,-0.03243464481855065,0.022479480406005947,0.026069792267288883,0.02129150675706232,0.03495799273913111,2.3797130599310083e-05,-1.922784636841879,0.0005726990240091935,,8.957091176103216e-14,,1.877871064008141e-05,,0.09095466298920014,-0.018691707389346474,-3.635292920023403e-07,-3.9337393786809116e-07,-5.463708987463178e-07,1.1945908617860823e-07,3.479688075458398e-07,3.479902095648857e-10,1.1634334051713324e-09,3.950350047077222e-09,-2.3507916958393415e-10,5.463708987463178e-07,0,True,converged,speciation,,,,,
cheq_0008,Jakobsen,20.0,0.3,0.21,101325.0,phase2_epcsaft_activity_speciation,0.002778054998308738,balance_inferred,0.07414006614816049,direct_positive,0.017855580289988803,direct_positive,0.02031953866057559,direct_positive,9.664497617088825e-05,direct_positive,0.000396644999256346,direct_positive,0.0033538933452703645,balance_inferred,1e-12,balance_inferred,0.0919956464381493,aggregate_direct_positive,4.1067832687611574e-10,,0.06511403149553352,-0.05637838391633692,0.024163355747802734,0.13138327896339722,0.022968782061330396,0.05322412357821252,2.7481569472907412e-05,-0.5461377516597842,0.0005754317542459346,0.1615918407922521,9.637122057688497e-14,,1.622908321658397e-05,,0.08927738724333625,-0.013025803580047126,-4.7366423316930195e-07,-5.228315842487063e-07,-9.125897051376342e-07,2.223040009852184e-07,8.625055087918554e-07,5.070575764820617e-10,1.2898913048786653e-09,8.706917076217735e-09,-4.6368286651344236e-10,9.125897051376342e-07,0,True,converged,speciation,,,,,
cheq_0009,Matin,20.0,0.3,0.218,101325.0,phase2_epcsaft_activity_speciation,0.0007498245412764033,balance_inferred,0.06854375038578968,direct_positive,0.023613997971953342,direct_positive,0.022071234345401557,direct_positive,0.0020920851536544174,direct_positive,1.0000000000003199e-12,balance_inferred,0.0005493215291026317,balance_inferred,1e-12,balance_inferred,0.09215774835774301,aggregate_direct_positive,4.744558006356663e-10,,0.06332147400813082,-0.03441684736891426,0.025061142019267298,0.02583133600934131,0.02386355360981797,0.033908494555424454,2.9651348474481436e-05,-1.8485349086880198,0.00057645967296092,,1.0017595509380456e-13,,1.5017956993040342e-05,,0.08838261602739811,-0.01816500326647149,-3.530411536445399e-07,-3.720249530658748e-07,-8.640078519306371e-07,1.46748341478542e-07,3.9386779349115386e-07,3.702720144382887e-10,1.1397097432475078e-09,4.566273470452131e-09,-2.3606346481152e-10,8.640078519306371e-07,0,True,converged,speciation,,,,,
cheq_0010,Bottinger,20.0,0.3,0.235,101325.0,phase2_epcsaft_activity_speciation,0.00439692014172528,balance_inferred,0.11240285043807957,balance_inferred,0.024087277085777105,balance_inferred,0.026572171304128193,direct_positive,0.007186363503277188,balance_inferred,0.0001676561346246903,balance_inferred,0.010006569990877658,balance_inferred,1e-12,balance_inferred,0.13649012752385667,aggregate_direct_positive,6.44095608431998e-10,,0.05951255110086594,,0.026968366724396658,,0.025765251509194443,-0.013392657354319793,3.481456125106498e-05,,0.0005777830341971461,,1.0877713299733872e-13,,1.2735014574310784e-05,,0.0864809178252626,-0.19818094937731126,2.8217972491972887e-07,2.3741597843240925e-07,7.638165868684155e-07,-1.5778862660909e-08,1.843344250573864e-07,1.5480727810768258e-11,2.5185954710682523e-10,1.5221157667610896e-11,-4.1788574812194927e-10,7.638165868684155e-07,0,True,converged,speciation,,,,,
cheq_0011,Matin,20.0,0.3,0.241,101325.0,phase2_epcsaft_activity_speciation,0.0007228113155703753,balance_inferred,0.06333014982587257,direct_positive,0.02596461262829522,direct_positive,0.02439872482210157,direct_positive,0.002291196001920326,direct_positive,9.999999999999998e-13,balance_inferred,0.0007253081977266796,balance_inferred,9.999999999999998e-13,balance_inferred,0.08929476245416779,aggregate_direct_positive,7.174838453890069e-10,,0.0581683447843794,-0.03692380961769881,0.027641354306746864,0.02717747012817443,0.02643647076036786,0.034836347937197996,3.683999038228681e-05,-1.7937427346506412,0.0005780157159196797,,1.1201074528652596e-13,,1.2012607614174474e-05,,0.08580969909112626,-0.01728960724589211,-5.320188591895203e-07,-5.906927889043345e-07,-5.820903439257563e-07,1.942505409857631e-07,7.379218907033191e-07,7.614241598341565e-10,2.149642283622022e-09,1.046965258932886e-08,-4.70614075360264e-10,7.379218907033191e-07,0,True,converged,speciation,,,,,
cheq_0012,Jakobsen,20.0,0.3,0.25,101325.0,phase2_epcsaft_activity_speciation,0.0006796052950908871,balance_inferred,0.06052140387240512,direct_positive,0.024744194418224848,direct_positive,0.026483565373030836,direct_positive,0.00019348786817195314,direct_positive,0.0005934813320142428,direct_positive,0.0031198214870064266,balance_inferred,1e-12,balance_inferred,0.08526559829062996,aggregate_direct_positive,8.438599987166173e-10,,0.0561521896356649,-0.032542297397111945,0.02865072244080532,0.06366225805696092,0.027443256776643877,0.015459197194035804,4.0104663138080344e-05,-0.6834588668286415,0.0005781801753207802,-0.011343866277575618,1.1708938425673688e-13,,1.1001125454120588e-05,,0.08480291207647023,-0.0023630778560318096,-2.596014549993697e-07,-3.289255303684513e-07,-6.811274566587144e-07,1.5186170010395017e-07,9.66850116412843e-07,5.504727090821504e-10,1.2459783482743347e-09,1.1857850923391311e-08,-4.6199105649298306e-10,9.66850116412843e-07,0,True,converged,speciation,,,,,
cheq_0013,Matin,20.0,0.3,0.264,101325.0,phase2_epcsaft_activity_speciation,0.0006150268060451966,balance_inferred,0.05814079487336478,direct_positive,0.02842834148437913,direct_positive,0.026717507988683803,direct_positive,0.0025893494741575174,direct_positive,1e-12,balance_inferred,0.0008785159804621905,balance_inferred,1e-12,balance_inferred,0.08656913635774391,aggregate_direct_positive,1.0879463752154907e-09,,0.05301640757014484,-0.04007066865507284,0.03022062806499403,0.02655196229569539,0.02900913350648793,0.03573880884056866,4.579567375740994e-05,-1.7523662165321179,0.0005780584242108771,,1.2562233661205972e-13,,9.582111676179047e-06,,0.08323703563513887,-0.01704647981949724,-1.338826454144737e-07,-1.3480117289077498e-07,-9.492212029726943e-07,6.902633309380235e-08,1.9493132086267906e-07,1.2376605990072065e-10,3.252869085201837e-10,1.8396106860052441e-09,-7.305867544747343e-11,9.492212029726943e-07,0,True,converged,speciation,,,,,
cheq_0014,Matin,20.0,0.3,0.287,101325.0,phase2_epcsaft_activity_speciation,0.00043753779006504447,balance_inferred,0.052963336378827615,direct_positive,0.030800668316557155,direct_positive,0.0289372971086954,direct_positive,0.0029863926919179453,direct_positive,1e-12,balance_inferred,0.0011230214860561867,balance_inferred,1e-12,balance_inferred,0.08376400469538477,aggregate_direct_positive,1.6643916941182204e-09,,0.047866416783176775,-0.04394441730590412,0.03279929089365685,0.027304314580265117,0.031580461551243624,0.03796050961571521,5.7144728185867406e-05,-1.7181707428509545,0.0005770428734355358,,1.4175929972610668e-13,,7.599345488815411e-06,,0.08066570767683362,-0.016368484261151367,-2.0349361129490262e-07,-2.8107659488796344e-07,-3.78517334809203e-07,1.3680133648108495e-07,8.652066405545611e-07,7.943848946700971e-10,1.928052800748148e-09,1.3213099614439727e-08,-4.6307304288911196e-10,8.652066405545611e-07,0,True,converged,speciation,,,,,
cheq_0015,Jakobsen,20.0,0.3,0.29,101325.0,phase2_epcsaft_activity_speciation,0.0013721654303784974,balance_inferred,0.056721581223948284,direct_positive,0.02380204344810689,direct_positive,0.029862900028886454,direct_positive,0.00019498686517452137,direct_positive,0.0005949823526337806,direct_positive,0.0074458081512216445,balance_inferred,1e-12,balance_inferred,0.08052362467205518,aggregate_direct_positive,1.7610452545467787e-09,,0.04719487102671277,-0.07985352554836733,0.0331356114577637,0.14368074550298818,0.03191568605658347,0.02887220402488787,5.884537860600081e-05,-0.5202929957282849,0.0005768558015768922,-0.013436819815096665,1.4410138953963666e-13,,7.3686533116595185e-06,,0.08033048248447647,-0.0010429404394154476,2.157623057996716e-08,-2.0715486215294732e-08,-1.062980956589854e-07,4.9345455721550024e-08,5.723575284832805e-07,2.350238476056532e-10,4.0665909528669886e-10,7.015145686573021e-09,-2.2637819562669242e-10,5.723575284832805e-07,0,True,converged,speciation,,,,,
cheq_0016,Bottinger,20.0,0.3,0.309,101325.0,phase2_epcsaft_activity_speciation,0.005738205434558595,balance_inferred,0.09439199294556165,balance_inferred,0.03288436617501734,balance_inferred,0.034743068252909744,direct_positive,0.009318320952936639,balance_inferred,0.00026912393972811435,balance_inferred,0.011715270910285269,balance_inferred,9.999999999999998e-13,balance_inferred,0.127276359120579,aggregate_direct_positive,2.5358347919017763e-09,,0.04294310215887494,,0.03526553906169181,,0.03403752795360641,-0.008910158491188497,7.109581210391508e-05,,0.0005754399723301951,,1.6054549179902642e-13,,6.036988130831691e-06,,0.07820864122056675,-0.21149300272930616,8.482848414814725e-07,6.902067930525391e-07,5.941498564254744e-07,-3.48590365462087e-08,7.996769255669278e-07,9.694674923954594e-11,3.1669673827838807e-10,9.566136771610445e-11,-1.581786406461371e-09,8.482848414814725e-07,0,True,converged,speciation,,,,,
cheq_0017,Matin,20.0,0.3,0.31,101325.0,phase2_epcsaft_activity_speciation,0.0003158605079115508,balance_inferred,0.0478787945819511,direct_positive,0.03317576359700202,direct_positive,0.031079930350131353,direct_positive,0.003383398123961175,direct_positive,1e-12,balance_inferred,0.0012875648790905067,balance_inferred,1e-12,balance_inferred,0.08105455817895313,aggregate_direct_positive,2.585966891301108e-09,,0.04271939715566445,-0.049518092459018205,0.03537762814323903,0.027907785039409046,0.03414914353003076,0.040899779048757925,7.182055458789672e-05,-1.6731043498009417,0.0005753459138679477,,1.6149797166735937e-13,,5.97270475483148e-06,,0.07809702529890349,-0.016142950831314482,-1.018747379788465e-07,-1.8909742749428915e-07,-7.501606873461242e-07,1.1813966338536375e-07,9.81191984550378e-07,7.915289396143166e-10,1.781829045421901e-09,1.460749765591629e-08,-4.577798138094387e-10,9.81191984550378e-07,0,True,converged,speciation,,,,,
cheq_0018,Matin,20.0,0.3,0.334,101325.0,phase2_epcsaft_activity_speciation,9.074964178239538e-05,balance_inferred,0.04271049900040506,direct_positive,0.035462306220169854,direct_positive,0.0331236845375889,direct_positive,0.0039778770150874386,direct_positive,9.999999999999998e-13,balance_inferred,0.0016392553345064768,balance_inferred,9.999999999999998e-13,balance_inferred,0.0781728052205749,aggregate_direct_positive,4.198858723812748e-09,,0.037353417148598224,-0.05820430755531996,0.03806789373454037,0.030791872663750827,0.03682485757387349,0.0460024359450401,9.226227954295869e-05,-1.634627171209284,0.0005730963351513876,,1.8771479168720583e-13,,4.581444884947836e-06,,0.0754213108831386,-0.015561620312534231,4.9428292570041776e-08,-3.101419565609831e-09,-1.3740423554509107e-07,2.9013913049880102e-08,5.490319949785771e-07,3.7018201698435504e-10,7.539951024648772e-10,8.116140759462098e-09,-2.2542486529362088e-10,5.490319949785771e-07,0,True,converged,speciation,,,,,
cheq_0019,Matin,20.0,0.3,0.358,101325.0,phase2_epcsaft_activity_speciation,1.0000578215934334e-12,balance_inferred,0.037757076576046385,direct_positive,0.037860620641223475,direct_positive,0.03507866377613519,direct_positive,0.004571776847682104,direct_positive,1e-12,balance_inferred,0.0017898199845938143,balance_inferred,1e-12,balance_inferred,0.07561769721726985,aggregate_direct_positive,7.072496417588023e-09,,0.03199513737088019,-0.07191438158167027,0.0407581015528481,0.03202621807884677,0.039492929053500506,0.05147630327369873,0.00012065679693206731,-1.578533232010594,0.0005705353352157025,,2.2267912666870473e-13,,3.445263740776956e-06,,0.07275323892372829,-0.016771115097879357,1.2263728166317378e-07,6.161706167517877e-08,-1.7620734737988641e-07,4.10974898557015e-09,5.925580985888246e-07,3.594036040999171e-10,6.755065812269478e-10,8.836433695869061e-09,-2.2258942464822157e-10,5.925580985888246e-07,0,True,converged,speciation,,,,,
cheq_0020,Matin,20.0,0.3,0.382,101325.0,phase2_epcsaft_activity_speciation,1.0002513874027216e-12,balance_inferred,0.032805503678022666,direct_positive,0.04030653134108905,direct_positive,0.036729626169501456,direct_positive,0.00525706055481402,direct_positive,1.0000000295685623e-12,balance_inferred,0.0016801553852264228,balance_inferred,1e-12,balance_inferred,0.07311203501911172,aggregate_direct_positive,1.255936703768403e-08,,0.026649532517121894,-0.09025711497981023,0.0434483026689094,0.03259738948711929,0.04214833195504031,0.0597638836804419,0.00016193127968861938,-1.5114122316054166,0.0005677601766820945,,2.717929483220751e-13,,2.5193100035048047e-06,,0.0700978351860313,-0.01828426637094355,2.5456763630415935e-07,1.7958737075218778e-07,7.410817914887957e-08,-4.49672317159866e-08,6.435236699076086e-07,3.221841890499455e-10,5.349425763467863e-10,9.597448724640856e-09,-2.1950354852978346e-10,6.435236699076086e-07,0,True,converged,speciation,,,,,
cheq_0021,Bottinger,20.0,0.3,0.388,101325.0,phase2_epcsaft_activity_speciation,0.00720853213719997,balance_inferred,0.07472786585393784,balance_inferred,0.04259985288547801,balance_inferred,0.042834253159044385,direct_positive,0.011733140008849022,balance_inferred,0.00037262825101997153,balance_inferred,0.012712796784455341,balance_inferred,1.0000000000000002e-12,balance_inferred,0.11732771873941586,aggregate_direct_positive,1.4657304508730151e-08,,0.02531608380800608,,0.04412084165136232,,0.04280924207240321,-0.00025366029712137905,0.00017522913161525916,,0.0005670272522527785,,2.873376691595357e-13,,2.3164044190769953e-06,,0.0694369254593684,-0.22781014372727473,2.084438754934581e-07,1.2779011981933763e-07,9.220542551702238e-09,-1.0332282585068242e-08,5.395750442005465e-07,1.1114911074860956e-10,1.1710216130111917e-11,1.0988587817450934e-10,-4.4204186420311383e-10,5.395750442005465e-07,0,True,converged,speciation,,,,,
cheq_0022,Jakobsen,20.0,0.3,0.4,101325.0,phase2_epcsaft_activity_speciation,0.0043691084426489306,balance_inferred,0.03334787020771829,direct_positive,0.045152051187374934,direct_positive,0.04208115361871713,direct_positive,0.0005977284510711288,direct_positive,0.0011977289436017244,direct_positive,1e-12,balance_inferred,7.771123038322753e-05,balance_inferred,0.07849992139509322,aggregate_direct_positive,2.0296200760791377e-08,,0.022654203442878208,-0.16791930621087794,0.04546590880180697,0.003008392047592446,0.044126057002919127,0.02060748456339858,0.0002068705324759505,-0.4608052958529319,0.0005655200028511989,-0.32591057374018395,3.2394306366135353e-13,,1.94151794035229e-06,,0.06812011224468517,-0.06159386697174462,-6.676258497151366e-07,-6.653244390975033e-07,9.388090660422677e-07,2.5542018278201795e-07,-9.827162728015537e-08,1.4585904498098934e-09,3.3225085044330527e-09,6.268841890033627e-09,-2.4586783364544095e-10,9.388090660422677e-07,0,True,converged,speciation,,,,,
cheq_0023,Matin,20.0,0.3,0.406,101325.0,phase2_epcsaft_activity_speciation,1.000298838035432e-12,balance_inferred,0.027959116891703568,direct_positive,0.042782631533466536,direct_positive,0.03825864412463449,direct_positive,0.006031773554014553,direct_positive,1e-12,balance_inferred,0.0015077861471825063,balance_inferred,1e-12,balance_inferred,0.0707417484251701,aggregate_direct_positive,2.411298836033246e-08,,0.021326394926580648,-0.11760600249432002,0.04613842215782623,0.032795244187716684,0.04478134854218665,0.06836759305931019,0.0002258362836910212,-1.4266513102526368,0.0005647344304107201,,3.456813805718151e-13,,1.7686984002233122e-06,,0.06746481708440688,-0.020598442255325002,3.828868155864029e-07,2.922437154495583e-07,2.4741995119370586e-07,-9.924729660326648e-08,7.018957397519898e-07,2.8106304089670076e-10,3.9809414098535e-10,1.0355631796521436e-08,-2.170366471687267e-10,7.018957397519898e-07,0,True,converged,speciation,,,,,
cheq_0024,Matin,20.0,0.3,0.431,101325.0,phase2_epcsaft_activity_speciation,9.999999999999998e-13,balance_inferred,0.023141758807640293,direct_positive,0.04522971751496871,direct_positive,0.03973478417267856,direct_positive,0.006902592144738941,direct_positive,1.0001643175548215e-12,balance_inferred,0.0014076588044491243,balance_inferred,9.999999999999998e-13,balance_inferred,0.06837147632260901,aggregate_direct_positive,5.420129399463124e-08,,0.015829517378717923,-0.16492868889478524,0.0489402662614114,0.034242452477100116,0.04747637837717078,0.0773067240192787,0.00034058255958874126,-1.306789807851923,0.0005610808190520528,,4.751804653513493e-13,,1.143913087178235e-06,,0.06476978364012932,-0.02350251125829092,5.15548414625755e-07,4.083006075461526e-07,3.634814156328048e-07,-1.5844196532555088e-07,7.480998611697487e-07,2.3030803653067977e-10,2.5185444008091196e-10,1.1151209955428953e-08,-2.1563234821817803e-10,7.480998611697487e-07,0,True,converged,speciation,,,,,
cheq_0025,Matin,20.0,0.3,0.455,101325.0,phase2_epcsaft_activity_speciation,1.0005461295072272e-12,balance_inferred,0.018434796753655735,direct_positive,0.047834362684109365,direct_positive,0.041009341282631874,direct_positive,0.007856372679639713,direct_positive,9.999999999999998e-13,balance_inferred,0.0010313512801622125,balance_inferred,9.999999999999998e-13,balance_inferred,0.0662691594377651,aggregate_direct_positive,1.463764062764499e-07,,0.01066376499306849,-0.23772778823288132,0.05162876764828358,0.0331517667262667,0.049953618814359876,0.0856841620712165,0.0005619928653741028,-1.145491274585023,0.0005562409897822307,,7.203717727355534e-13,,6.742174845613316e-07,,0.062292532641352066,-0.026875473566765666,6.384748019172548e-07,5.204929571789307e-07,4.0142533563880534e-07,-2.1876150579913656e-07,8.064352847725331e-07,1.8171875115768898e-10,1.2007818350756594e-10,1.191029452840553e-08,-2.1671121312806619e-10,8.064352847725331e-07,0,True,converged,speciation,,,,,
cheq_0026,Bottinger,20.0,0.3,0.474,101325.0,phase2_epcsaft_activity_speciation,0.008974521338409149,balance_inferred,0.053746336102007575,balance_inferred,0.05226646805710622,balance_inferred,0.049169772862996855,direct_positive,0.014932370410158533,balance_inferred,0.00048541866865090146,balance_inferred,0.012806512553350968,balance_inferred,1e-12,balance_inferred,0.1060128041591138,aggregate_direct_positive,4.2213528372847124e-07,,0.006792287632489437,,0.05375416673218649,,0.051699669072664274,0.021789561106891203,0.0009550312092623904,,0.0005495401255859572,,1.1505750353544551e-12,,3.86254651077032e-07,,0.06054645436467593,-0.2432696065561048,-7.024637564967406e-07,-6.421314360238739e-07,-6.654922977133992e-07,3.049142573985364e-07,-3.691084593526739e-07,8.525150099747414e-10,1.7314558536929425e-09,-1.9033186138273095e-10,-5.166385332566207e-11,7.024637564967406e-07,0,True,converged,speciation,,,,,
cheq_0027,Matin,20.0,0.3,0.48,101325.0,phase2_epcsaft_activity_speciation,1e-12,balance_inferred,0.0137171364269591,direct_positive,0.05041091859125779,direct_positive,0.04221546671965117,direct_positive,0.008894667044773617,direct_positive,1e-12,balance_inferred,0.000699215175166995,balance_inferred,1e-12,balance_inferred,0.06412805501821689,aggregate_direct_positive,6.36920977374063e-07,,0.005662951909132094,-0.3842205845040587,0.0544239890426632,0.033265759260325,0.05215915520328576,0.09185895367638239,0.0011721458188450966,-0.8801480529990332,0.0005461883527383267,,1.3871863398603528e-12,,3.1154913949905673e-07,,0.060086940951795294,-0.02826797363053511,7.856362245206583e-07,6.615959442513031e-07,5.448193896029352e-07,-2.9375914767371114e-07,8.620181439766839e-07,1.2048242958861977e-10,-2.8533397866681298e-11,1.272514482675291e-08,-2.2080045514360017e-10,8.620181439766839e-07,0,True,converged,speciation,,,,,
cheq_0028,Matin,20.0,0.3,0.505,101325.0,phase2_epcsaft_activity_speciation,1.0002890990002972e-12,balance_inferred,0.009109195716083877,direct_positive,0.05291666795870016,direct_positive,0.0433873773440529,direct_positive,0.009922602153458292,direct_positive,1.0001374002733e-12,balance_inferred,0.00039331154081131286,balance_inferred,1.0000000000000002e-12,balance_inferred,0.062025863674784035,aggregate_direct_positive,5.153761533182621e-06,,0.0021681341322666555,-0.6233938867758299,0.05719547606022335,0.033769189298264266,0.052881978749309375,0.08594429837401352,0.003280387318337775,-0.48070045438898357,0.0005165026989624598,,3.676742205487353e-12,,1.0480661371427264e-07,,0.05936361019249001,-0.019052515636315687,9.206763582625399e-07,7.822264329604423e-07,8.662304331608084e-07,-3.9207399105123386e-07,9.027902905245355e-07,2.8883596903117592e-11,-1.5369172601253922e-10,1.3515586760881604e-08,-1.9711352051094235e-10,9.206763582625399e-07,0,True,converged,speciation,,,,,
cheq_0029,Bottinger,20.0,0.3,0.524,101325.0,phase2_epcsaft_activity_speciation,0.01104594544564602,balance_inferred,0.03713520509050174,balance_inferred,0.047705565880140355,balance_inferred,0.0467000846130751,direct_positive,0.010600074841039517,direct_positive,0.0005813061297022891,balance_inferred,0.010757205833378844,balance_inferred,1e-12,balance_inferred,0.0848407709706421,aggregate_direct_positive,2.1215161273304254e-05,,0.0011183077471145447,,0.05927013860961909,,0.05185534296751323,0.04547584356121029,0.00646362896509124,-0.21483251311960577,0.00047555853691102617,,7.129917479419472e-12,,4.967110123365063e-08,,0.060388446356733634,-0.14765074996761102,-5.834874130528078e-07,-5.448142914588061e-07,-5.997088052822619e-07,2.9027278625193276e-07,-1.2029175167072026e-07,9.17946073319964e-10,1.7069549662629413e-09,1.1665798327342713e-09,-5.740371261015313e-11,5.997088052822619e-07,0,True,converged,speciation,,,,,
cheq_0030,Matin,20.0,0.3,0.531,101325.0,phase2_epcsaft_activity_speciation,1e-12,balance_inferred,0.004630991754789191,direct_positive,0.05538551499056208,direct_positive,0.044589898936451176,direct_positive,0.011041947869374114,direct_positive,1e-12,balance_inferred,0.0002463318172632109,balance_inferred,1e-12,balance_inferred,0.06001650674535127,aggregate_direct_positive,3.1864398559581875e-05,,0.0009255427876207768,-0.6992775068759656,0.06002811651740401,0.03495851859107757,0.05128893223548216,0.060787169733396304,0.007820894600340418,-0.1497892593606003,0.0004591249228391949,,8.602400456103686e-12,,3.9928763855450205e-08,,0.060953659305024784,0.006729069506433363,5.834601672916051e-07,5.031093373020212e-07,5.012065926734977e-07,-2.5513069790150666e-07,4.890733578122308e-07,-2.8286303854763162e-11,-1.4073778253909097e-10,7.142361369005812e-09,-7.952140263756897e-11,5.834601672916051e-07,0,True,converged,speciation,,,,,
cheq_0031,Jakobsen,20.0,0.3,0.6,101325.0,phase2_epcsaft_activity_speciation,0.0035878952871484147,balance_inferred,0.0009013395768030453,direct_positive,0.06454486947424781,direct_positive,0.051295797373329274,direct_positive,0.013791565131996492,direct_positive,0.0013977477445921776,direct_positive,0.0033379885202623185,balance_inferred,9.999999999999998e-13,balance_inferred,0.06544620905105086,aggregate_direct_positive,0.00033511575421857977,,0.00032031971547538495,-0.4493047708289817,0.0673061710003109,0.018193157670734657,0.044582065723915675,-0.06092159736353976,0.022091810632185297,0.2046177570947924,0.000316142149712754,-0.6455463980581048,2.4131451111530845e-11,,1.0658182073983028e-08,,0.06762649071578629,0.014232356276114253,-4.1439017550715107e-07,-5.777478939705816e-07,-8.137162303967216e-07,3.817354867763356e-07,2.530081246732152e-07,3.8864586687781255e-09,5.8585388484910794e-09,2.3621381628480265e-08,-2.711048846247803e-10,8.137162303967216e-07,0,True,converged,speciation,,,,,
cheq_0032,Bottinger,20.0,0.3,0.609,101325.0,phase2_epcsaft_activity_speciation,0.01222551875085852,balance_inferred,0.02647744095126708,balance_inferred,0.06201467930952553,balance_inferred,0.0399776504462008,direct_positive,0.02537692303435782,direct_positive,0.0006602108733205301,balance_inferred,0.004660315917674143,balance_inferred,1e-12,balance_inferred,0.08849212026079262,aggregate_direct_positive,0.00040815129196121924,,0.00029406011759156524,,0.06822289784006418,,0.04368339905929542,0.03849915768762987,0.02393744492177453,-0.025361170474513407,0.00030102222189652797,,2.6154258715638403e-11,,9.48586636628996e-09,,0.06851695795765574,-0.11110652812421427,-5.660897564041534e-07,-5.589221210300366e-07,-6.199233801851278e-07,2.97804880311503e-07,-2.2813530264897963e-07,1.0083517631986894e-09,1.5456510793487865e-09,1.739037913672803e-09,-4.1679957563376585e-11,6.199233801851278e-07,0,True,converged,speciation,,,,,
cheq_0033,Bottinger,20.0,0.3,0.704,101325.0,phase2_epcsaft_activity_speciation,0.013565866984708238,balance_inferred,0.012248748113766432,balance_inferred,0.0798106375121594,balance_inferred,0.032382816132121454,direct_positive,0.0409069389769443,direct_positive,0.0007559716360728365,balance_inferred,1e-12,balance_inferred,0.005008939130947979,balance_inferred,0.09205938562592583,aggregate_direct_positive,0.0018524815994959956,,0.00015425321847094308,,0.07720483541845467,,0.03467914857152256,0.029753812362231343,0.042160895020597285,0.013112838888920054,0.00018239413448099486,,4.6685054042393805e-11,,3.742130338218513e-09,,0.07735908863692562,-0.0755567275228272,-8.172540155726438e-07,-8.971450213834942e-07,-9.797524391785828e-07,4.7589628282551644e-07,-3.6788269852650046e-07,2.204321128407294e-09,2.6941306963124134e-09,4.826602229002219e-09,-1.281982962742742e-10,9.797524391785828e-07,0,True,converged,speciation,,,,,
cheq_0034,Jakobsen,20.0,0.3,0.78,101325.0,phase2_epcsaft_activity_speciation,0.006476144359918706,direct_positive,0.0003010596195982252,direct_positive,0.07639656024363776,direct_positive,0.03838859225324382,direct_positive,0.04353171692525635,direct_positive,0.0013986242899046636,direct_positive,0.00832099751467173,balance_inferred,9.999999999999998e-13,balance_inferred,0.07669761986323599,aggregate_direct_positive,0.00411618951766241,-0.1968211587158351,0.00010863318694993274,-0.4426899880125934,0.08320182332728164,0.03705903884645033,0.02847368839219524,-0.12975845847670253,0.05447537981312362,0.0973944705037192,0.00012637683926977752,-1.044033577058395,6.179676433431218e-11,,2.235017775191124e-09,,0.08331045651423158,0.03591762745571839,6.214528731618429e-07,2.700785124432059e-07,2.8033745635980267e-07,-3.6883561715939095e-07,2.723124872261451e-07,6.2980049786443004e-09,6.257082796334856e-09,3.112446045339112e-08,-6.738199368977236e-10,6.214528731618429e-07,0,True,converged,speciation,,,,,
cheq_0035,Bottinger,20.0,0.3,0.832,101325.0,phase2_epcsaft_activity_speciation,0.019741155163006653,balance_inferred,0.005675434215098701,balance_inferred,0.09772361736489883,balance_inferred,0.019794669905116365,direct_positive,0.06218395100340307,direct_positive,0.0007859772121263145,balance_inferred,1e-12,balance_inferred,0.01417304203212677,balance_inferred,0.10339905157999753,aggregate_direct_positive,0.006298487489496245,,8.876079359589378e-05,,0.08660268847936076,,0.02484773982913801,0.09873862720597273,0.061553809387965897,-0.004423377170332251,0.00010056890254743684,,7.137360077495003e-11,,1.6895405865660245e-09,,0.08669144927295665,-0.07654029186931789,-4.192509521772081e-07,-5.049458664529993e-07,-7.81414044581652e-07,2.7537960800572137e-07,-2.448280937983327e-07,1.4249182944681138e-09,1.4070956344536256e-09,2.8027985488066065e-09,-1.4818656041319705e-10,7.81414044581652e-07,0,True,converged,speciation,,,,,
cheq_0036,Bottinger,20.0,0.3,0.929,101325.0,phase2_epcsaft_activity_speciation,0.02353244996103501,direct_positive,0.0056684966107416685,balance_inferred,0.10530459367389397,balance_inferred,0.011799087741836842,direct_positive,0.07793674176397927,direct_positive,0.0007990775659013317,balance_inferred,1.0000000000000002e-12,balance_inferred,0.013970609036275176,balance_inferred,0.11097309028463564,aggregate_direct_positive,0.011637787880796243,-0.30579670673846376,6.364615878828865e-05,,0.09149450292594936,,0.019381724065649624,0.21554397560486369,0.07197448296801652,-0.034563691863796764,6.914755193460701e-05,,8.746505085757336e-11,,1.1250022416078915e-09,,0.09155814908473765,-0.08352067555921175,-4.67055887298784e-07,-5.758113843512547e-07,-6.256731559517448e-07,3.1425910806959223e-07,-3.046146872520694e-07,1.6838626604176454e-09,1.507122704413888e-09,3.1146698553641272e-09,-2.2825491172224428e-10,6.256731559517448e-07,0,True,converged,speciation,,,,,
cheq_0037,Bottinger,20.0,0.3,0.974,101325.0,phase2_epcsaft_activity_speciation,0.024250304075722668,direct_positive,0.005667067282355385,balance_inferred,0.1095478864075177,balance_inferred,0.01139968474845246,direct_positive,0.08686598774438639,direct_positive,0.0008214627375269339,balance_inferred,1e-12,balance_inferred,0.009639288439624971,balance_inferred,0.11521495368987308,aggregate_direct_positive,0.01458570677136752,-0.2207897102812768,5.522875649642355e-05,,0.09320680508697905,,0.017346946339891714,0.18233019372088516,0.07574112948493554,-0.059517985113037436,5.936427306505506e-05,,9.414282949983783e-11,,9.690369461613588e-10,,0.09326203384347548,-0.09180396735780996,-3.9700849896462387e-07,6.219747206159809e-08,-6.909100846996807e-09,2.896618820358299e-07,-2.438652657588136e-07,1.0612117018471423e-09,9.292541319760872e-10,1.5288299515248127e-09,-1.4533486739518895e-10,3.9700849896462387e-07,0,True,converged,speciation,,,,,
cheq_0038,Jakobsen,20.0,0.3,0.99,101325.0,phase2_epcsaft_activity_speciation,0.0150356281615862,direct_positive,0.0006006022517972221,direct_positive,0.08364003657579848,direct_positive,0.027598839009398128,direct_positive,0.06640630818826679,direct_positive,0.0016993763294683541,direct_positive,0.013763863280803146,balance_inferred,1e-12,balance_inferred,0.0842406388275957,aggregate_direct_positive,0.015693182968938263,0.018589461414257873,5.258465862157527e-05,-1.0577278973025719,0.09374303597869603,0.049524800487858255,0.01668904967264347,-0.21845920585731224,0.07694119740579726,0.0639496041633234,5.639449161348348e-05,-1.4790528787707762,9.640070975937761e-11,,9.234438260390806e-10,,0.0937956206373176,0.04666090983007122,8.556768946732518e-07,6.849092244465282e-07,9.34646596562061e-07,-5.436364394206805e-07,1.9750090274328613e-07,4.043629528438508e-09,3.223581873657011e-09,1.896696877334847e-08,-8.320617269137719e-10,9.34646596562061e-07,0,True,converged,speciation,,,,,
cheq_0039,Jakobsen,40.0,0.3,0.11,101325.0,phase2_epcsaft_activity_speciation,0.002225950240079735,balance_inferred,0.09871452517340706,direct_positive,0.006500925761446328,direct_positive,0.010280584890064209,direct_positive,9.917813664921758e-05,direct_positive,9.917796668714745e-05,direct_positive,0.004077193198641394,balance_inferred,1e-12,balance_inferred,0.10521545093485339,aggregate_direct_positive,5.829334090191686e-10,,0.08753891624225048,-0.05217989524558214,0.012647241307450272,0.2890205983506824,0.01206001242478306,0.06932993169391749,2.1427042406076226e-05,-0.665453715421326,0.0002656386936948602,0.4278761355960328,2.8759096009464384e-13,,3.4524546555753926e-05,,0.10018615754970076,-0.02127180045222608,-2.8956459630080644e-07,-2.5522516722276123e-07,-5.924371393462025e-07,8.463611855802355e-08,1.1280521761136697e-07,1.6985187735463203e-10,1.1254212978206724e-09,1.3247840602303995e-09,-9.225763523360714e-11,5.924371393462025e-07,0,True,converged,speciation,,,,,
cheq_0040,Bottinger,40.0,0.3,0.125,101325.0,phase2_epcsaft_activity_speciation,0.002555082208475954,balance_inferred,0.10999943245679132,balance_inferred,0.011707182435805806,balance_inferred,0.014373846939434188,direct_positive,1.0000000001295983e-12,direct_zero,8.154389202725038e-05,balance_inferred,0.002829752288682883,balance_inferred,1.0000000000000002e-12,balance_inferred,0.12170661489259713,aggregate_direct_positive,8.189007659037498e-10,,0.08418130230457302,,0.014332221124383274,,0.013732646607676459,-0.019818771759792502,2.5691708880374074e-05,,0.0002724320105088176,,3.210643902749385e-13,,2.9019820802494404e-05,,0.09851352342895629,-0.09181833097036526,3.8230676402406516e-07,2.8602830326462936e-07,6.385434403455292e-10,3.124974945478698e-08,5.683487245278229e-07,2.514738590975174e-11,1.0580578357899384e-09,2.586075797950116e-11,-1.0193700776096415e-09,5.683487245278229e-07,0,True,converged,speciation,,,,,
cheq_0041,Bottinger,40.0,0.3,0.205,101325.0,phase2_epcsaft_activity_speciation,0.0041802904644327185,balance_inferred,0.09520009996871834,balance_inferred,0.01942917769196041,balance_inferred,0.0240584313250206,direct_positive,1.0000000000352493e-12,direct_zero,0.0001929518120149349,balance_inferred,0.0050151572580900555,balance_inferred,1e-12,balance_inferred,0.11462927766067875,aggregate_direct_positive,3.879091980349179e-09,,0.06627079676822924,,0.023310473515512232,,0.022664898713373516,-0.025913524157978828,5.834043574324884e-05,,0.00028722159678175953,,5.091211157167486e-13,,1.27924541224132e-05,,0.08958127028374147,-0.10707833914743281,6.048054235208156e-07,4.859721087768776e-07,3.853142587217917e-07,-1.8249123101554687e-08,6.39425472570565e-07,3.925071379029532e-11,2.8405860996727483e-10,3.8922087775006275e-11,-1.2519728713963093e-09,6.39425472570565e-07,0,True,converged,speciation,,,,,
cheq_0042,Jakobsen,40.0,0.3,0.21,101325.0,phase2_epcsaft_activity_speciation,0.0003799120425206024,balance_inferred,0.0736809343758999,direct_positive,0.016109210910306832,direct_positive,0.017480233859317594,direct_positive,0.0019918733132209586,direct_positive,0.0026851840811867715,direct_positive,0.008733264424605263,balance_inferred,1.0000000000000002e-12,balance_inferred,0.08979014528620673,aggregate_direct_positive,4.244958476954837e-09,,0.06515175210132292,-0.0534290251547122,0.023871319441332337,0.17080215689921768,0.023223094734103177,0.12337285525372278,6.115524014347818e-05,-1.5128280371519245,0.0002874408012648842,-0.9704256490244138,5.223481362764547e-13,,1.218805923693095e-05,,0.08902307154265525,-0.0037260997086271436,2.683862554420102e-07,1.5768469907584404e-07,-4.342637289767026e-07,-2.9874142271069104e-08,9.375976475212155e-07,-1.363783322383405e-10,-1.1255812393251574e-09,1.2211374800230601e-08,-1.8968741849778343e-10,9.375976475212155e-07,0,True,converged,speciation,,,,,
cheq_0043,Bottinger,40.0,0.3,0.236,101325.0,phase2_epcsaft_activity_speciation,0.004852979562032319,balance_inferred,0.08691896274164805,balance_inferred,0.022275026228556885,balance_inferred,0.02706600000734475,direct_positive,9.999999999999998e-13,direct_zero,0.00023899348405754327,balance_inferred,0.005268960747902954,balance_inferred,9.999999999999998e-13,balance_inferred,0.10919398897020494,aggregate_direct_positive,6.7600073921993565e-09,,0.05933446455650416,,0.02678742781316683,,0.02612427609729901,-0.015379812597005209,7.795655618387361e-05,,0.0002878563538942455,,5.964654476931e-13,,9.482915903987981e-06,,0.086121892369671,-0.10308516743427835,6.804795908976757e-07,6.288451182001609e-07,4.736286101092446e-07,-8.502581749780802e-09,8.675575102756738e-07,2.1688834755950737e-11,5.400901947893999e-11,2.1547430506529963e-11,-4.5145303526220395e-10,8.675575102756738e-07,0,True,converged,speciation,,,,,
cheq_0044,Jakobsen,40.0,0.3,0.25,101325.0,phase2_epcsaft_activity_speciation,0.00017481248723923948,balance_inferred,0.057310263919175965,direct_positive,0.022014471231289825,direct_positive,0.025177698264722468,direct_positive,0.0003927692573091608,direct_positive,0.00039276927147316405,direct_positive,0.0043415348336881335,balance_inferred,1e-12,balance_inferred,0.07932473515046579,aggregate_direct_positive,8.683480259467215e-09,,0.05620362467961612,-0.00846808347259106,0.0283575055322958,0.10995976694121865,0.027685036100448254,0.04122906959942254,8.880385613875093e-05,-0.6457056629063396,0.00028769298822723874,-0.1352082259545411,6.410662589953536e-13,,8.279694083978504e-06,,0.08456113021191192,0.027762148201204966,3.775233565761482e-07,2.962624492397481e-07,7.901440923774317e-08,-5.5685312361219985e-08,6.609699632065258e-07,-2.2381460226816863e-10,-1.0905947950279327e-09,7.769984988748035e-09,-9.161766132837065e-11,6.609699632065258e-07,0,True,converged,speciation,,,,,
cheq_0045,Bottinger,40.0,0.3,0.28,101325.0,phase2_epcsaft_activity_speciation,0.005757636790928293,balance_inferred,0.0790669657007753,balance_inferred,0.026524487033980096,balance_inferred,0.03266178353758658,direct_positive,1e-12,direct_zero,0.00029223233344046016,balance_inferred,0.0067217611714874,balance_inferred,1e-12,balance_inferred,0.1055914527347554,aggregate_direct_positive,1.4959680818408352e-08,,0.04949994424093236,,0.031721801073178395,,0.031024422259452834,-0.022336193480494117,0.00011775894059594123,,0.0002867308299731735,,7.523590564971765e-13,,6.159578251198122e-06,,0.08122174531411075,-0.11395644748691529,6.858530259279405e-07,4.984020627318841e-07,1.7588976319871108e-07,-7.137799684642232e-08,9.151329116718898e-07,9.280318874482774e-11,9.215693486108734e-11,9.219969232532321e-11,-1.322743182513907e-09,9.151329116718898e-07,0,True,converged,speciation,,,,,
cheq_0046,Jakobsen,40.0,0.3,0.29,101325.0,phase2_epcsaft_activity_speciation,0.0026583119892898952,balance_inferred,0.05713970631298954,direct_positive,0.022634082569806726,direct_positive,0.027876633094335124,direct_positive,0.00029633512666076846,direct_positive,0.0003963361536341349,direct_positive,0.0063315579584574365,balance_inferred,1e-12,balance_inferred,0.07977378888279626,aggregate_direct_positive,1.8006228403652306e-08,,0.04726747314012659,-0.08237561777827283,0.032843208680226374,0.16168268387834106,0.03213548426141018,0.06174452980194745,0.00012961506332297121,-0.35912765810877617,0.00028627088403677226,-0.1412865111600623,7.956785837199629e-13,,5.567685539642705e-06,,0.08011068182035297,0.0018302085207429135,3.0169263709467486e-07,2.1608760647495728e-07,-6.1675500262481364e-09,-7.115988331918288e-08,5.418669033474544e-07,-2.285643202482035e-11,-2.5009180837365363e-10,7.3069971184835936e-09,-9.425611904341621e-11,5.418669033474544e-07,0,True,converged,speciation,,,,,
cheq_0047,Bottinger,40.0,0.3,0.343,101325.0,phase2_epcsaft_activity_speciation,0.007148041102672345,balance_inferred,0.0657023781369859,balance_inferred,0.032035745300007815,balance_inferred,0.03957839147369475,direct_positive,1.0000000000192432e-12,direct_zero,0.0003735957682608312,balance_inferred,0.008289837711208592,balance_inferred,9.999999999999998e-13,balance_inferred,0.09773812343699372,aggregate_direct_positive,5.128058549227866e-08,,0.035464517351675016,,0.03878671662466883,,0.03799493124269543,-0.017732476909213625,0.00022226452058714594,,0.00028318764464486544,,1.1112312706746153e-12,,3.1456078053601875e-06,,0.07425123397634384,-0.11936032079749823,-5.175295072490371e-07,-4.880583048816334e-07,-6.097643066027558e-07,1.4692819760853126e-07,-3.3903064533546967e-07,6.882546824127367e-10,1.9549671326224427e-09,5.3877347028219447e-11,-3.331497044558004e-11,6.097643066027558e-07,0,True,converged,speciation,,,,,
cheq_0048,Bottinger,40.0,0.3,0.354,101325.0,phase2_epcsaft_activity_speciation,0.0073865616572328045,balance_inferred,0.06373376991375927,balance_inferred,0.03300642662796379,balance_inferred,0.04098003321020824,direct_positive,1.0000000000250709e-12,direct_zero,0.0003868016477239739,balance_inferred,0.008747209878692395,balance_inferred,1e-12,balance_inferred,0.09674019654172306,aggregate_direct_positive,6.500757957885598e-08,,0.0330242626419454,,0.040020296677142506,,0.03920160439503703,-0.019268464362998988,0.0002510170036699888,,0.00028245556734912073,,1.2043405657253004e-12,,2.7641800153223246e-06,,0.0730445593190879,-0.12201909207880714,-5.535116489596703e-07,-4.812245144591998e-07,-6.739829316870782e-07,1.9008696128253177e-07,-3.459749677858781e-07,7.241206453900695e-10,1.9943643403408373e-09,7.625811093703305e-11,-3.373333791899973e-11,6.739829316870782e-07,0,True,converged,speciation,,,,,
cheq_0049,Jakobsen,40.0,0.3,0.4,101325.0,phase2_epcsaft_activity_speciation,0.0031618027204929028,balance_inferred,0.038014477406187935,direct_positive,0.04795602175325629,direct_positive,0.048422770946265695,direct_positive,0.001197060187480858,direct_positive,0.0009970601381715668,direct_positive,0.003657929656833391,balance_inferred,1.0000000000000002e-12,balance_inferred,0.08597049915944423,aggregate_direct_positive,1.993287041958981e-07,,0.022892754944896357,-0.2202509651159886,0.045178782458758074,-0.025908625759831716,0.04417461097081262,-0.03987690437132786,0.0004446312402386219,-0.43011601362345664,0.000279017832085995,-0.5530893937778588,1.8063847530483786e-12,,1.5046213166686112e-06,,0.06807153740365443,-0.1013838890265654,-4.958006893929223e-07,-4.722341877538838e-07,-6.071149663000597e-07,1.7435554511280316e-07,-2.899798801081488e-07,7.375107816121051e-10,1.7910096045126167e-09,7.846905347719257e-10,-3.442961859542066e-11,6.071149663000597e-07,0,True,converged,speciation,,,,,
cheq_0050,Bottinger,40.0,0.3,0.46,101325.0,phase2_epcsaft_activity_speciation,0.010090557722158628,balance_inferred,0.042245520317899,balance_inferred,0.038657484795760935,balance_inferred,0.049251922176547815,direct_positive,1.507605969359704e-07,direct_zero,0.0005271893760554655,balance_inferred,0.011648966893494752,balance_inferred,9.999999999999998e-13,balance_inferred,0.08090300511365994,aggregate_direct_positive,1.6161838897345444e-06,,0.010258262035360852,,0.05190328738145018,,0.05008443967500326,0.0072796348543234315,0.0012758415912313662,,0.0002712575613034104,,4.259892560850813e-12,,4.910413699152636e-07,,0.062161549416811034,-0.11444282262907635,-4.5384391356151355e-07,-4.268047497646421e-07,-5.451432443237536e-07,1.9069620194045456e-07,-2.1545115913568225e-07,7.35403189733308e-10,1.5383549434311306e-09,9.568565939588325e-10,-4.231642852686157e-11,5.451432443237536e-07,0,True,converged,speciation,,,,,
cheq_0051,Bottinger,40.0,0.3,0.466,101325.0,phase2_epcsaft_activity_speciation,0.009811409935380912,balance_inferred,0.04559667209241305,balance_inferred,0.04267118468916333,balance_inferred,0.05019639745609599,direct_positive,0.003999945815496926,direct_positive,0.0005166886792763186,balance_inferred,0.01255853594098222,balance_inferred,1.0000000000000002e-12,balance_inferred,0.08826785678157638,aggregate_direct_positive,2.148058394506902e-06,,0.009106771436215043,,0.0525746648118626,,0.05056449376910041,0.0031731142264082063,0.00147017448136964,-0.43468522809059473,0.00026978711627539774,,4.825235298522522e-12,,4.2238775617986403e-07,,0.06168143624807764,-0.15564810399868703,-7.113013822390712e-07,-6.640324237139339e-07,-8.072992372376575e-07,2.9645972610126137e-07,-3.7598961455387325e-07,1.0376019349278565e-09,2.1508856917762387e-09,5.066742581050221e-10,-5.140070403160413e-11,8.072992372376575e-07,0,True,converged,speciation,,,,,
cheq_0052,Bottinger,40.0,0.3,0.487,101325.0,phase2_epcsaft_activity_speciation,0.010276190159442821,balance_inferred,0.04236830832681129,balance_inferred,0.04434876349521226,balance_inferred,0.051099793693072486,direct_positive,0.0051999897775372285,direct_positive,0.00054083869341075,balance_inferred,0.013032697362218959,balance_inferred,1e-12,balance_inferred,0.08671707182202354,aggregate_direct_positive,6.788100252571468e-06,,0.005528430126588013,,0.0549187954698069,,0.051798183563569675,0.005895383613662281,0.0025967034609742827,-0.3015801330872458,0.00026183917648151217,,8.089553224263707e-12,,2.3016174006683863e-07,,0.06044722559639491,-0.1567282321782836,-7.141016595824112e-07,-6.728960073587587e-07,-8.270412337196831e-07,3.1698807045899e-07,-3.661048850744919e-07,1.0755501142489798e-09,2.1299122049400765e-09,6.334754942827203e-10,-5.817115215750249e-11,8.270412337196831e-07,0,True,converged,speciation,,,,,
cheq_0053,Bottinger,40.0,0.3,0.508,101325.0,phase2_epcsaft_activity_speciation,0.01064499143317389,balance_inferred,0.03985807219120572,balance_inferred,0.04688591239652501,balance_inferred,0.048293131371197916,direct_positive,0.009099491199283667,direct_positive,0.0005615160010895178,balance_inferred,0.011629742176135613,balance_inferred,1.0000000000000002e-12,balance_inferred,0.08674398458773072,aggregate_direct_positive,2.451558309457207e-05,,0.00309818313851927,,0.05724241993614372,,0.05190281605741709,0.03130555535337407,0.004845163359003097,-0.2737086850374369,0.0002471619373923058,,1.459830720490274e-11,,1.1670557833608996e-07,,0.06034060307466299,-0.15762972118148313,-6.266253720355053e-07,-6.000341841172485e-07,-8.123710095730985e-07,2.940965977415999e-07,-3.1980307468870706e-07,1.01190301970977e-09,1.9587657607011977e-09,8.821703367800637e-10,-4.355848134772253e-11,8.123710095730985e-07,0,True,converged,speciation,,,,,
cheq_0054,Jakobsen,40.0,0.3,0.6,101325.0,phase2_epcsaft_activity_speciation,0.0036421429637120465,balance_inferred,0.0028026163797142544,direct_positive,0.06224530567468969,direct_positive,0.048855882783742394,direct_positive,0.014972803014416381,direct_positive,0.0008977612992926861,direct_positive,0.0033789027220544614,balance_inferred,1.0000000000000002e-12,balance_inferred,0.06504792205440395,aggregate_direct_positive,0.0006788532452897578,,0.0006924862688434213,-0.6071524895925466,0.06678343722565189,0.030562163646591197,0.04469404937908336,-0.03866716054151638,0.02176879391419643,0.1625312569587031,0.00016028792303956766,-0.7482600784083348,6.436309926937777e-11,,1.8530987495552174e-08,,0.06747592349449531,0.015915409495275867,6.948374995374706e-07,2.6717860279745764e-07,-1.2520577641339514e-07,-3.8908394461856233e-07,9.484000429438311e-07,5.987500897863818e-09,8.826836803144111e-09,5.000940805910403e-08,-3.565753022775026e-10,9.484000429438311e-07,0,True,converged,speciation,,,,,
cheq_0055,Bottinger,40.0,0.3,0.663,101325.0,phase2_epcsaft_activity_speciation,0.012168462869967037,balance_inferred,0.019326355753944757,balance_inferred,0.08199267273308977,balance_inferred,0.034663407555071524,direct_positive,0.04263469918392913,direct_positive,0.0006971862962382449,balance_inferred,1e-12,balance_inferred,0.003300193401612639,balance_inferred,0.10131902848703453,aggregate_direct_positive,0.0019553267702105068,,0.0004371299503713685,,0.07243745465379255,,0.039152107566759305,0.05288389178836537,0.033047187902501746,-0.11062869329370463,0.00011907475242415256,,9.85419808129851e-11,,9.815840779109303e-09,,0.07287458460416392,-0.1431149246077743,-4.3340738642427823e-07,-4.390772012641264e-07,-5.441701524944165e-07,2.44987031106092e-07,-2.1098383840012502e-07,7.913535243764258e-10,1.077449088282556e-09,7.837174242908418e-10,-3.5078774996127005e-11,5.441701524944165e-07,0,True,converged,speciation,,,,,
cheq_0056,Bottinger,40.0,0.3,0.683,101325.0,phase2_epcsaft_activity_speciation,0.013258511058000914,balance_inferred,0.015443633844776242,balance_inferred,0.07583838315178366,balance_inferred,0.032282566102059325,direct_positive,0.03812315601281891,direct_positive,0.0007341613822358273,balance_inferred,1e-12,balance_inferred,0.003964338272433768,balance_inferred,0.09128201699655991,aggregate_direct_positive,0.0025253059835093207,,0.00039102749113087746,,0.07405422647093753,,0.03751746114604274,0.06526539248131827,0.03631877797190278,-0.021057619112323536,0.00010898960574436092,,1.0866242886849598e-10,,8.382037905203857e-09,,0.0744452539620684,-0.08854821202058219,-6.289989684660213e-07,-6.80896601323866e-07,-8.648807217070953e-07,3.8070202368345463e-07,-3.07879123084831e-07,2.00497891900131e-09,2.5424220506664597e-09,4.746714132863872e-09,-1.227922928301379e-10,8.648807217070953e-07,0,True,converged,speciation,,,,,
cheq_0057,Bottinger,40.0,0.3,0.762,101325.0,phase2_epcsaft_activity_speciation,0.01461706734620682,balance_inferred,0.005717202662431845,balance_inferred,0.09817210539296467,balance_inferred,0.01879270171114724,direct_positive,0.05929165336320346,direct_positive,0.0007899183929050098,balance_inferred,1e-12,balance_inferred,0.018507913532803955,balance_inferred,0.10388930805539652,aggregate_direct_positive,0.0055498635351667325,,0.0002747001339376549,,0.0795862792865953,,0.03176224063727439,0.22792191129422446,0.047665545947342125,-0.09478898925887988,7.924398451039607e-05,,1.4468498429799057e-10,,5.110343604090236e-09,,0.07986097942053295,-0.11423622159440432,-5.048393028062037e-07,-6.518591675330754e-07,-6.620429289228014e-07,3.045326084638589e-07,-3.284712200013473e-07,2.356663544866855e-09,2.5818512189301757e-09,5.564116500877958e-09,-2.155619352746294e-10,6.620429289228014e-07,0,True,converged,speciation,,,,,
cheq_0058,Jakobsen,40.0,0.3,0.78,101325.0,phase2_epcsaft_activity_speciation,0.006535586709895351,direct_positive,0.00120105440195927,direct_positive,0.07576578616652846,direct_positive,0.03868738089045649,direct_positive,0.044116670392735896,direct_positive,0.0008986307204132807,direct_positive,0.00883552655749048,balance_inferred,1e-12,balance_inferred,0.07696684056848772,aggregate_direct_positive,0.006401484260358429,-0.009003898958177606,0.0002568371384817178,-0.6699048566546266,0.08066426730184811,0.027208059380424546,0.03060652523611846,-0.10175530240201384,0.04990934787462402,0.053579167727924426,7.419525734591253e-05,-1.083205115699436,1.5200095498500408e-10,,4.666878243769807e-09,,0.08092110444032984,0.021758142086290948,5.038999475459605e-07,3.0327563038667904e-07,-4.996048730276925e-08,-1.9404002404854737e-07,1.5322666158112952e-07,6.515756365010894e-09,6.59663849933434e-09,3.087941802260019e-08,-7.759311672655161e-10,5.038999475459605e-07,0,True,converged,speciation,,,,,
cheq_0059,Jakobsen,40.0,0.3,0.99,101325.0,phase2_epcsaft_activity_speciation,0.015629020842478938,direct_positive,0.0014005880740062845,direct_positive,0.08535785478904613,direct_positive,0.031198543902610683,direct_positive,0.06887118012817613,direct_positive,0.0010993907394860796,direct_positive,0.01691065072071284,balance_inferred,1.0000000000000002e-12,balance_inferred,0.08675844286305241,aggregate_direct_positive,0.01962281228964291,0.09882947910310969,0.00013836857024155787,-1.0052729706045733,0.08936037361478415,0.019901484013876626,0.0205448440958585,-0.18143147513867308,0.06873546167012184,-0.0008566708084275918,4.003339724118686e-05,-1.4387296284704771,2.1592619797502288e-10,,2.292711025740191e-09,,0.08949874218502571,0.013505183073154752,-3.518768707522213e-07,-5.526867354888054e-07,-7.415098473018134e-07,2.7697833226980606e-07,-4.4510771957106954e-07,5.767805247303137e-09,4.8665304286377165e-09,1.714435438060491e-08,-9.38625110406021e-10,7.415098473018134e-07,0,True,converged,speciation,,,,,
cheq_0060,Bottinger,60.0,0.3,0.131,101325.0,phase2_epcsaft_activity_speciation,0.00269370226865657,balance_inferred,0.1064468729367439,balance_inferred,0.012239585032328321,balance_inferred,0.014678085117217314,direct_positive,9.999999999999998e-13,direct_zero,9.931960526245458e-05,balance_inferred,0.002637139296413902,balance_inferred,9.999999999999998e-13,balance_inferred,0.11868645796907222,aggregate_direct_positive,8.129038335318571e-09,,0.08287338604629543,,0.01485860870656025,,0.01451417405199628,-0.004877075038112527,5.5556448481581667e-05,,0.00013450941561908867,,1.4242781218166364e-12,,1.9860498479025377e-05,,0.09773199475285568,-0.08436440612313019,4.653348284477943e-07,3.649011084405629e-07,2.2851860492778542e-07,-1.5586657298172213e-08,5.210238391839539e-07,1.1154771550891951e-11,5.989720663901466e-10,1.118583004000584e-11,-1.1059484060157738e-09,5.210238391839539e-07,0,True,converged,speciation,,,,,
cheq_0061,Bottinger,60.0,0.3,0.203,101325.0,phase2_epcsaft_activity_speciation,0.004173551336247283,balance_inferred,0.09299582156365266,balance_inferred,0.01910616900749981,balance_inferred,0.023069288250000868,direct_positive,1e-12,direct_zero,0.00019747505809680112,balance_inferred,0.004358069359694659,balance_inferred,1e-12,balance_inferred,0.11210199057115247,aggregate_direct_positive,3.252296704844346e-08,,0.06677942776314788,,0.02293437991838743,,0.022532357895532634,-0.010227554778265755,0.0001146804717041579,,0.0001389007159388917,,2.1857937714147277e-12,,9.540436407952912e-06,,0.0897138076815353,-0.09675403471181877,-2.5706571094019637e-08,-5.301284033976117e-08,6.162201380277565e-07,-1.2497910262254663e-08,1.5194848401733907e-07,5.134420666408346e-12,5.4200810506443986e-11,5.119793478058909e-12,-3.079327691069716e-10,6.162201380277565e-07,0,True,converged,speciation,,,,,
cheq_0062,Bottinger,60.0,0.3,0.277,101325.0,phase2_epcsaft_activity_speciation,0.0058018358327689154,balance_inferred,0.07513560156860621,balance_inferred,0.02568631787283487,balance_inferred,0.030186922923972386,direct_positive,1.0000000000037956e-12,direct_zero,0.0003009483674306361,balance_inferred,0.005102501786998787,balance_inferred,9.999999999999998e-13,balance_inferred,0.10082191944144109,aggregate_direct_positive,1.2183642573188235e-07,,0.0502846023072988,,0.03123458661803326,,0.030726969189927764,0.00770087907525431,0.0002272431896682126,,0.0001378515973332539,,3.255267505580071e-12,,4.671075640191204e-06,,0.08151918892533207,-0.09229511124261822,-5.716227793328699e-07,-5.334477108931424e-07,-6.90060282693139e-07,1.2339483390633177e-07,-3.9165765031157207e-07,8.149623163811182e-10,2.8880850350132548e-09,2.74025691027191e-10,-2.775130423515195e-11,6.90060282693139e-07,0,True,converged,speciation,,,,,
cheq_0063,Bottinger,60.0,0.3,0.415,101325.0,phase2_epcsaft_activity_speciation,0.008741498150692232,balance_inferred,0.05300868070630085,balance_inferred,0.03806049424281856,balance_inferred,0.04169624203823407,direct_positive,0.004199925734444996,direct_positive,0.00046009054641617166,balance_inferred,0.008755854622692858,balance_inferred,1.0000000000000002e-12,balance_inferred,0.0910691749491194,aggregate_direct_positive,2.4466640416255373e-06,,0.020136607186329113,,0.0467123369851349,,0.04539695187238432,0.036929778586982036,0.0010508283287142767,-0.6017098388329428,0.00013182001040145544,,9.348809672078982e-12,,9.167965422026592e-07,,0.066848944171464,-0.1342768497574433,-4.508591811003271e-07,-4.171521013063284e-07,-5.631860133803457e-07,1.7251316020150398e-07,-2.6493159310803094e-07,7.164362089695508e-10,1.686418144020152e-09,6.245279848826613e-10,-2.289363455953198e-11,5.631860133803457e-07,0,True,converged,speciation,,,,,
cheq_0064,Bottinger,60.0,0.3,0.489,101325.0,phase2_epcsaft_activity_speciation,0.010592186837488148,balance_inferred,0.03983825571586209,balance_inferred,0.0420149982530692,balance_inferred,0.04242348587877558,direct_positive,0.007201320482920666,direct_positive,0.0005533827801467284,balance_inferred,0.0087165736689205,balance_inferred,1e-12,balance_inferred,0.08185325396893128,aggregate_direct_positive,3.832801377523131e-05,,0.006654921483654996,,0.05496950622055722,,0.050617441138383894,0.07669383548467984,0.004109154514454661,-0.24365966678819825,0.00012135024463044879,,3.02661326023149e-11,,2.101803493393191e-07,,0.06162442770421221,-0.1232830498160394,-5.787257233436094e-07,-5.697249108038704e-07,-7.343628496414567e-07,2.368442908462498e-07,-3.04699383946172e-07,1.1817994291507539e-09,2.3252345049407097e-09,2.881364258300323e-09,-6.790119545556165e-11,7.343628496414567e-07,0,True,converged,speciation,,,,,
cheq_0065,Bottinger,60.0,0.3,0.559,101325.0,phase2_epcsaft_activity_speciation,0.011519612800395828,balance_inferred,0.03323536570888604,balance_inferred,0.05349848277662212,balance_inferred,0.045483195825535803,direct_positive,0.01629508303740718,direct_positive,0.0006124488401227371,balance_inferred,0.009504693766566335,balance_inferred,1.0000000000000002e-12,balance_inferred,0.08673384848550816,aggregate_direct_positive,0.0005457821988579885,,0.0020536490002128764,,0.06225984980464901,,0.04787140995445853,0.022225246625415637,0.014199952994735613,-0.059769671143119846,9.421888203667055e-05,,9.974439114233728e-11,,4.9221340315265706e-08,,0.0643134988048619,-0.1298864801262711,-5.432988920972548e-07,-5.372223164101797e-07,-6.757590789163714e-07,2.6472773306807085e-07,-2.78336106163124e-07,1.035053008580089e-09,1.794977680380505e-09,1.2684651107264244e-09,-2.84460340002948e-11,6.757590789163714e-07,0,True,converged,speciation,,,,,
cheq_0066,Bottinger,60.0,0.3,0.613,101325.0,phase2_epcsaft_activity_speciation,0.01191296243429771,balance_inferred,0.026719965142222808,balance_inferred,0.06693449062851826,balance_inferred,0.037468037010433976,direct_positive,0.03034564788207599,direct_positive,0.0006552705639835135,balance_inferred,0.0021897353919587276,balance_inferred,1e-12,balance_inferred,0.09365445577074108,aggregate_direct_positive,0.001711812516364536,,0.0012390914855591028,,0.06705248315672707,,0.04376245160977508,0.0674407030046743,0.023139701812825673,-0.11773865598372965,7.515224611628572e-05,,1.6273387189203833e-10,,2.5455920257562828e-08,,0.06829157464228618,-0.13716131786672084,-5.341496454036587e-07,-5.399589859678144e-07,-6.767302132004716e-07,2.774482723566507e-07,-2.768574844935756e-07,1.1627374618683461e-09,1.755269499192913e-09,1.6053169904495235e-09,-4.8072850463991144e-11,6.767302132004716e-07,0,True,converged,speciation,,,,,
cheq_0067,Bottinger,60.0,0.3,0.766,101325.0,phase2_epcsaft_activity_speciation,0.018291002327914842,balance_inferred,0.005463460840436773,balance_inferred,0.06032119959396048,balance_inferred,0.03570611609774139,direct_positive,0.022910699297426316,direct_positive,0.0008328641113002906,balance_inferred,1.0000000000000002e-12,balance_inferred,3.865597619219508e-05,balance_inferred,0.06578466043439725,aggregate_direct_positive,0.00857061713066708,,0.0005960382279979594,,0.07671788943608558,,0.03397022201286945,-0.02164422753371657,0.042657981043724834,0.2699619516586569,4.483857235604585e-05,,3.026498961142902e-10,,9.608360877742298e-09,,0.07731392766408354,0.07013309934362491,5.85405768305236e-07,5.43881029102522e-07,6.951477473648993e-07,-3.502141217026633e-07,2.954951270339734e-07,3.615556465330627e-11,-8.262532324998517e-11,3.993923636258501e-09,-6.588051684677926e-11,6.951477473648993e-07,0,True,converged,speciation,,,,,
cheq_0068,Bottinger,80.0,0.3,0.064,101325.0,phase2_epcsaft_activity_speciation,0.0012945178331450027,balance_inferred,0.11370724992188598,balance_inferred,0.005916397459313305,balance_inferred,0.006792714341598156,direct_positive,1e-12,direct_zero,3.5180221686406605e-06,balance_inferred,0.0008833529276221332,balance_inferred,1e-12,balance_inferred,0.11962364738119928,aggregate_direct_positive,1.049060601073595e-08,,0.09788442486753617,,0.0072748408182719574,,0.007086906896096373,0.018413375967313142,4.051150786687952e-05,,5.632586843826128e-05,,2.628419921924682e-12,,3.4768572578700344e-05,,0.10515926568580812,-0.05596949530065003,-7.721410941741169e-07,-7.715831245036497e-07,-9.879787370437043e-07,-5.734163543991144e-08,-6.198960988967883e-07,4.8667001852076286e-11,5.1388801131091455e-09,1.2754364231426507e-10,2.0924502853805218e-09,9.879787370437043e-07,0,True,converged,speciation,,,,,
cheq_0069,Bottinger,80.0,0.3,0.141,101325.0,phase2_epcsaft_activity_speciation,0.002975437668730594,balance_inferred,0.09442954302831244,balance_inferred,0.012987572789819239,balance_inferred,0.013995933073014956,direct_positive,1.0000000000186408e-12,direct_zero,0.00014793421263656042,balance_inferred,0.0013042287094688371,balance_inferred,1e-12,balance_inferred,0.10741711581813168,aggregate_direct_positive,7.541008408406218e-08,,0.08069482151049619,,0.01590426973251806,,0.01564707429411209,0.04843128758060733,0.0001146850632659686,,6.487459331203365e-05,,5.433389776189543e-12,,1.2761233957760056e-05,,0.09659909124301425,-0.046100446453843216,-5.325061867011982e-07,-5.34943573882174e-07,-8.607973036589556e-07,3.341120091704397e-08,-2.627353978823521e-07,7.884373778854759e-10,5.4518455999685855e-09,8.234984916200006e-10,-3.9385103082253525e-11,8.607973036589556e-07,0,True,converged,speciation,,,,,
cheq_0070,Bottinger,80.0,0.3,0.245,101325.0,phase2_epcsaft_activity_speciation,0.005319626771697006,balance_inferred,0.07013473075126216,balance_inferred,0.02185232237183686,balance_inferred,0.022417155371735567,direct_positive,1.727092493166338e-07,direct_zero,0.00029171133971589663,balance_inferred,0.001148428388579814,balance_inferred,1e-12,balance_inferred,0.09198705312309902,aggregate_direct_positive,5.120279328336287e-07,,0.05755119104720265,,0.027569771093287305,,0.02712515095678082,0.08279166190482926,0.0003092389830938638,,6.539576208766476e-05,,9.931893013554546e-12,,4.589678558848159e-06,,0.08512096214048996,-0.0336901822163266,-1.2479146782595762e-07,-2.210598957219645e-07,-5.736820973822887e-07,-1.1556476486873635e-07,1.3849559721279547e-07,6.375809498415652e-10,2.5186973617863373e-09,7.855939010426027e-09,-3.833544622610291e-11,5.736820973822887e-07,0,True,converged,speciation,,,,,
cheq_0071,Bottinger,80.0,0.3,0.336,101325.0,phase2_epcsaft_activity_speciation,0.007265135192162308,balance_inferred,0.05968524167281176,balance_inferred,0.029731298254229002,balance_inferred,0.03372249821357792,direct_positive,1.114917495923078e-07,direct_zero,0.00038645726342776527,balance_inferred,0.00476422597795404,balance_inferred,9.999999999999998e-13,balance_inferred,0.08941653992704077,aggregate_direct_positive,2.7237188566915733e-06,,0.037548913025900854,,0.03777726717177001,,0.03691968636171728,0.03933826263732113,0.0007286736039086891,,6.352750233044413e-05,,1.714888101026434e-11,,1.8522514865868384e-06,,0.07532618019767087,-0.07447191549659173,-5.772077233956452e-07,-5.856148810323702e-07,-9.333713961723333e-07,1.4160505301674675e-07,-3.4767762358001164e-07,1.300049526364866e-09,3.803635573174091e-09,3.40540273757739e-09,-3.1660574978955336e-11,9.333713961723333e-07,0,True,converged,speciation,,,,,
cheq_0072,Bottinger,80.0,0.3,0.398,101325.0,phase2_epcsaft_activity_speciation,0.008658056056218976,balance_inferred,0.05083228509341011,balance_inferred,0.03448767740973169,balance_inferred,0.033623186367786315,direct_positive,0.0046007148145313925,direct_positive,0.00045663174922486405,balance_inferred,0.004649487271035751,balance_inferred,1.0000000000000002e-12,balance_inferred,0.0853199625031418,aggregate_direct_positive,1.060313651412662e-05,,0.024369703927809468,,0.04472546372107613,,0.04314981339947888,0.10834005412768369,0.001451407310048566,-0.5010360073106602,6.167865025818015e-05,,2.82152060755073e-11,,8.857882573502613e-07,,0.0690951676488856,-0.09160298099469848,-3.66789214112373e-07,-3.9454572586805625e-07,-6.172983582075631e-07,1.0956898854885821e-07,-1.3510301144492587e-07,1.185123478519845e-09,2.8837747328980257e-09,5.488890786331524e-09,-4.6914485583798247e-11,6.172983582075631e-07,0,True,converged,speciation,,,,,
cheq_0073,Bottinger,80.0,0.3,0.51,101325.0,phase2_epcsaft_activity_speciation,0.009803281507435821,balance_inferred,0.04552642471937257,balance_inferred,0.055466758729797706,balance_inferred,0.05019884380774746,direct_positive,0.01657752333804783,direct_positive,0.0005331803463184537,balance_inferred,0.012375969108634493,balance_inferred,1.0000000000000002e-12,balance_inferred,0.10099318344917027,aggregate_direct_positive,0.00033295585693412735,,0.00626484185114614,,0.05694588097579761,,0.04899807485110246,-0.010514697677034592,0.007843242844365004,-0.32502398604164634,5.221328121499064e-05,,1.2074623528370274e-10,,1.3687197363852805e-07,,0.06321072282694375,-0.20350130539908787,-5.218783094562696e-07,-5.119621597771129e-07,-6.290311382883829e-07,2.2840325630824054e-07,-3.2283453066384027e-07,8.414147226187829e-10,1.6167854832715989e-09,-1.2683964989435026e-11,-3.153320682274449e-11,6.290311382883829e-07,0,True,converged,speciation,,,,,
vle_0000,Jou,40.0,0.3,0.0888,,,,,,,,,,,,,,,,,,,,,,,,,,,,,,,,,,,,,,,,,,,,,,,-6.988227189844501e-12,5.5627502604238543e-08,24,True,converged,pressure,0.00147,6.889803308159712e-05,6.3328125,-1.3291105110118402,0.009684331087193243
vle_0001,Aronu,40.0,0.3,0.102,,,,,,,,,,,,,,,,,,,,,,,,,,,,,,,,,,,,,,,,,,,,,,,-6.159245436268036e-12,5.2498233316100595e-08,0,True,converged,pressure,0.0016,0.00010015076910212932,6.38682611468847,-1.203465693873776,7.442745069141665e-07
vle_0002,Hilliard,40.0,0.3,0.153,,,,,,,,,,,,,,,,,,,,,,,,,,,,,,,,,,,,,,,,,,,,,,,-1.6066765094667978e-10,9.218537577737607e-08,0,True,converged,pressure,0.0057,0.00033382906234494285,6.356500470015522,-1.2323507130637743,9.976235772063413e-07
vle_0003,Hilliard,40.0,0.3,0.163,,,,,,,,,,,,,,,,,,,,,,,,,,,,,,,,,,,,,,,,,,,,,,,-1.6350014712683048e-10,9.164595837773959e-08,0,True,converged,pressure,0.00664,0.00041303746439551694,6.35051980837938,-1.2061786334203082,3.9750149838369e-08
vle_0004,Hilliard,40.0,0.3,0.17,,,,,,,,,,,,,,,,,,,,,,,,,,,,,,,,,,,,,,,,,,,,,,,-1.6409440172231345e-10,9.22978280470943e-08,0,True,converged,pressure,0.00721,0.00047808061285675393,6.346314878839971,-1.1784341321929515,1.1649396125523737e-07
vle_0005,Hilliard,40.0,0.3,0.191,,,,,,,,,,,,,,,,,,,,,,,,,,,,,,,,,,,,,,,,,,,,,,,-1.6118692289410176e-10,8.884900992711664e-08,0,True,converged,pressure,0.00995,0.0007335214107288866,6.333607931987621,-1.1324102857761036,6.119843845020512e-07
vle_0006,Hilliard,40.0,0.3,0.194,,,,,,,,,,,,,,,,,,,,,,,,,,,,,,,,,,,,,,,,,,,,,,,-1.6033457838958247e-10,8.536048312635103e-08,0,True,converged,pressure,0.00985,0.0007789846943094185,6.331782773300212,-1.101907305870315,3.9530067752480136e-07
vle_0007,Jou,40.0,0.3,0.203,,,,,,,,,,,,,,,,,,,,,,,,,,,,,,,,,,,,,,,,,,,,,,,-1.5727089908462342e-10,8.79688286659075e-08,0,True,converged,pressure,0.00896,0.0009319395156880637,6.326285360883474,-0.9829202827752191,9.291351332763043e-08
vle_0008,Aronu,40.0,0.3,0.206,,,,,,,,,,,,,,,,,,,,,,,,,,,,,,,,,,,,,,,,,,,,,,,-1.0724758550891575e-10,7.237804311444052e-08,0,True,converged,pressure,0.0123,0.0009890119995588176,6.324445589560965,-1.094703550569655,7.551430947216886e-08
vle_0009,Hilliard,40.0,0.3,0.232,,,,,,,,,,,,,,,,,,,,,,,,,,,,,,,,,,,,,,,,,,,,,,,-7.788388302309415e-11,6.075914882330835e-08,0,True,converged,pressure,0.0146,0.001648861955961919,6.308353715531531,-0.947168558098398,5.485707399444095e-08
vle_0010,Idris,40.0,0.3,0.242,,,,,,,,,,,,,,,,,,,,,,,,,,,,,,,,,,,,,,,,,,,,,,,-6.970273181338901e-12,7.404326751725421e-08,0,True,converged,pressure,0.021,0.0020057302160678804,6.302101735995231,-1.0199467775911202,9.3036176131156e-07
vle_0011,Hilliard,40.0,0.3,0.246,,,,,,,,,,,,,,,,,,,,,,,,,,,,,,,,,,,,,,,,,,,,,,,-1.2645295050398649e-11,5.3622098761252346e-08,0,True,converged,pressure,0.0191,0.0021694255120166903,6.299586022383974,-0.9446886241793544,3.9532962547994543e-07
vle_0012,Aronu,40.0,0.3,0.25,,,,,,,,,,,,,,,,,,,,,,,,,,,,,,,,,,,,,,,,,,,,,,,-1.1452029732164442e-11,9.059325023486053e-08,0,True,converged,pressure,0.0246,0.002346710112915042,6.2970713130115,-1.0204756622159015,7.583324954651971e-07
vle_0013,Hilliard,40.0,0.3,0.269,,,,,,,,,,,,,,,,,,,,,,,,,,,,,,,,,,,,,,,,,,,,,,,-7.303732248887401e-12,8.637191584170978e-08,0,True,converged,pressure,0.0231,0.003415831484320829,6.285061206357457,-0.8301155427097212,9.966946290518308e-07
vle_0014,Hilliard,40.0,0.3,0.272,,,,,,,,,,,,,,,,,,,,,,,,,,,,,,,,,,,,,,,,,,,,,,,-3.778788233554508e-12,5.2899387981142354e-08,0,True,converged,pressure,0.0224,0.0036262003657612173,6.283166968778409,-0.7907962209628883,5.708291017647582e-07
vle_0015,Idris,40.0,0.3,0.321,,,,,,,,,,,,,,,,,,,,,,,,,,,,,,,,,,,,,,,,,,,,,,,-7.270193209387918e-12,9.16429740982494e-08,0,True,converged,pressure,0.038,0.009966808499110918,6.2530524297599195,-0.5812274827502089,1.7276687858114315e-07
vle_0016,Hilliard,40.0,0.3,0.326,,,,,,,,,,,,,,,,,,,,,,,,,,,,,,,,,,,,,,,,,,,,,,,-3.7504415373619125e-12,5.7855803703432684e-08,0,True,converged,pressure,0.0485,0.011108286162096826,6.250225756956687,-0.6400946794596948,1.0974821629261555e-07
vle_0017,Idris,40.0,0.3,0.33,,,,,,,,,,,,,,,,,,,,,,,,,,,,,,,,,,,,,,,,,,,,,,,-3.844321868676351e-12,6.747681169372299e-08,0,True,converged,pressure,0.043,0.012126152721251428,6.248028117104271,-0.5497454219808949,5.165614811453167e-07
vle_0018,Aronu,40.0,0.3,0.337,,,,,,,,,,,,,,,,,,,,,,,,,,,,,,,,,,,,,,,,,,,,,,,-4.0134305693451556e-12,7.56544800140091e-08,0,True,converged,pressure,0.0603,0.014168160116695947,6.244369852856929,-0.6290038558973918,9.207898976626439e-08
vle_0019,Idris,40.0,0.3,0.345,,,,,,,,,,,,,,,,,,,,,,,,,,,,,,,,,,,,,,,,,,,,,,,-4.1729824907670065e-12,8.68217426841511e-08,0,True,converged,pressure,0.05,0.016989522738931184,6.240540468649655,-0.4687888252762655,2.5837275430262707e-08
vle_0020,Hilliard,40.0,0.3,0.348,,,,,,,,,,,,,,,,,,,,,,,,,,,,,,,,,,,,,,,,,,,,,,,-4.186836460008344e-12,8.782009075503083e-08,0,True,converged,pressure,0.0662,0.018207290791693177,6.239220535922277,-0.5606126609842125,8.155535695664184e-07
vle_0021,Hilliard,40.0,0.3,0.35,,,,,,,,,,,,,,,,,,,,,,,,,,,,,,,,,,,,,,,,,,,,,,,-4.196295413302637e-12,8.770151538328719e-08,0,True,converged,pressure,0.0721,0.01907410735314447,6.238395719741553,-0.5774910421121598,5.480191820339542e-07
vle_0022,Idris,40.0,0.3,0.352,,,,,,,,,,,,,,,,,,,,,,,,,,,,,,,,,,,,,,,,,,,,,,,-4.206362001351753e-12,9.318590699081142e-08,0,True,converged,pressure,0.064,0.019988314710558376,6.237595752228219,-0.5054037953114506,1.6214062625863335e-07
vle_0023,Aronu,40.0,0.3,0.353,,,,,,,,,,,,,,,,,,,,,,,,,,,,,,,,,,,,,,,,,,,,,,,-4.211386092998614e-12,8.991478139819264e-08,0,True,converged,pressure,0.0851,0.02046400074512049,6.237216422050279,-0.6189390171367903,3.991607062658886e-07
vle_0024,Idris,40.0,0.3,0.355,,,,,,,,,,,,,,,,,,,,,,,,,,,,,,,,,,,,,,,,,,,,,,,-4.216119895443022e-12,9.2075023161442e-08,0,True,converged,pressure,0.097,0.021454784679391967,6.236474321029124,-0.6552475739629774,9.68447682048179e-07
vle_0025,Hilliard,40.0,0.3,0.36,,,,,,,,,,,,,,,,,,,,,,,,,,,,,,,,,,,,,,,,,,,,,,,-4.215042045594124e-12,8.972967791009978e-08,0,True,converged,pressure,0.0966,0.024181497819394177,6.234858495424019,-0.6014939285445323,9.270285978857373e-07
vle_0026,Jou,40.0,0.3,0.365,,,,,,,,,,,,,,,,,,,,,,,,,,,,,,,,,,,,,,,,,,,,,,,-4.216130459214424e-12,8.898137338064771e-08,0,True,converged,pressure,0.0677,0.027313916621255697,6.233572729360971,-0.3942046893421908,8.633292161164263e-07
vle_0027,Idris,40.0,0.3,0.375,,,,,,,,,,,,,,,,,,,,,,,,,,,,,,,,,,,,,,,,,,,,,,,-4.22577934270648e-12,8.253370253896719e-08,0,True,converged,pressure,0.107,0.03510189314013286,6.23232018670139,-0.484053237910509,4.0638198051112795e-07
vle_0028,Idris,40.0,0.3,0.377,,,,,,,,,,,,,,,,,,,,,,,,,,,,,,,,,,,,,,,,,,,,,,,-4.229074938687108e-12,8.822658159601815e-08,0,True,converged,pressure,0.123,0.03695460648655337,6.23233666589175,-0.522236529412269,3.0853934671060124e-08
vle_0029,Hilliard,40.0,0.3,0.382,,,,,,,,,,,,,,,,,,,,,,,,,,,,,,,,,,,,,,,,,,,,,,,-4.239135515978672e-12,8.672310158885921e-08,0,True,converged,pressure,0.131,0.0421096330801467,6.232847542405838,-0.49288983841887213,3.30647840426912e-07
vle_0030,Hilliard,40.0,0.3,0.386,,,,,,,,,,,,,,,,,,,,,,,,,,,,,,,,,,,,,,,,,,,,,,,-4.249450956166702e-12,8.599579359724885e-08,0,True,converged,pressure,0.12,0.04684925019707341,6.233819971471193,-0.4084786014722664,4.062248568775795e-07
vle_0031,Hilliard,40.0,0.3,0.389,,,,,,,,,,,,,,,,,,,,,,,,,,,,,,,,,,,,,,,,,,,,,,,-4.258523420820899e-12,8.604086687569179e-08,0,True,converged,pressure,0.113,0.05082000408146611,6.2349326823264475,-0.3470437478899244,6.427051069124445e-08
vle_0032,Hilliard,40.0,0.3,0.4,,,,,,,,,,,,,,,,,,,,,,,,,,,,,,,,,,,,,,,,,,,,,,,-4.303575017678481e-12,9.57542987123361e-08,0,True,converged,pressure,0.128,0.0692425668184656,6.242652941851411,-0.2668368108715276,5.599392824962024e-07
vle_0033,Aronu,40.0,0.3,0.401,,,,,,,,,,,,,,,,,,,,,,,,,,,,,,,,,,,,,,,,,,,,,,,-4.309464213297009e-12,8.454965438886575e-08,0,True,converged,pressure,0.1835,0.07128361048765726,6.243709446595592,-0.4106463801524971,4.151708528077336e-07
vle_0034,Aronu,40.0,0.3,0.417,,,,,,,,,,,,,,,,,,,,,,,,,,,,,,,,,,,,,,,,,,,,,,,-4.4393802880501036e-12,8.139462082112914e-08,0,True,converged,pressure,0.2928,0.11632919091977267,6.2724851977164215,-0.40088236484066425,8.789285033117267e-08
vle_0035,Aronu,40.0,0.3,0.421,,,,,,,,,,,,,,,,,,,,,,,,,,,,,,,,,,,,,,,,,,,,,,,-4.483624715024995e-12,8.12992553278491e-08,0,True,converged,pressure,0.3188,0.13257805804808523,6.28453774151545,-0.3810466593729104,7.111117725361327e-07
vle_0036,Aronu,40.0,0.3,0.433,,,,,,,,,,,,,,,,,,,,,,,,,,,,,,,,,,,,,,,,,,,,,,,-4.6529615951466035e-12,8.135488016591808e-08,0,True,converged,pressure,0.3809,0.20108969111914132,6.340184536965947,-0.2774211656386885,2.3659753090043978e-07
vle_0037,Idris,40.0,0.3,0.436,,,,,,,,,,,,,,,,,,,,,,,,,,,,,,,,,,,,,,,,,,,,,,,-4.704983295472309e-12,7.951788560944806e-08,0,True,converged,pressure,0.445,0.2246031313122313,6.360409419705782,-0.29694420428192403,2.930231666198324e-07
vle_0038,Aronu,40.0,0.3,0.447,,,,,,,,,,,,,,,,,,,,,,,,,,,,,,,,,,,,,,,,,,,,,,,-4.9350804679263414e-12,7.868841578329011e-08,0,True,converged,pressure,0.5702,0.3458195957997399,6.46937010526882,-0.21717761412642125,6.111168146527568e-08
vle_0039,Idris,40.0,0.3,0.46,,,,,,,,,,,,,,,,,,,,,,,,,,,,,,,,,,,,,,,,,,,,,,,-5.289387847143819e-12,7.793231660002675e-08,0,True,converged,pressure,0.813,0.6133444781659839,6.722080607798779,-0.12238608584438834,4.300077662833246e-07
vle_0040,Aronu,40.0,0.3,0.464,,,,,,,,,,,,,,,,,,,,,,,,,,,,,,,,,,,,,,,,,,,,,,,-3.003793258624896e-12,5.3394664689676574e-08,0,True,converged,pressure,1.0662,0.7434915668194324,6.84763119302731,-0.15656263136265539,6.69179573975498e-08
vle_0041,Hilliard,40.0,0.3,0.464,,,,,,,,,,,,,,,,,,,,,,,,,,,,,,,,,,,,,,,,,,,,,,,-3.0037904377934233e-12,5.3427896773428074e-08,0,True,converged,pressure,0.75,0.743491571045138,6.84763119302731,-0.003785214097055984,6.595351731419896e-08
vle_0042,Hilliard,40.0,0.3,0.466,,,,,,,,,,,,,,,,,,,,,,,,,,,,,,,,,,,,,,,,,,,,,,,-3.2124972826190467e-12,6.01441705327943e-08,0,True,converged,pressure,0.574,0.8211291686506367,6.922965789322608,0.15549958727902616,9.987225930985222e-07
vle_0043,Jou,40.0,0.3,0.4735,,,,,,,,,,,,,,,,,,,,,,,,,,,,,,,,,,,,,,,,,,,,,,,-3.409452834273904e-12,7.443416194519159e-08,0,True,converged,pressure,0.604,1.2147468375239874,7.308021542057787,0.30344883847166526,1.2547537941998144e-07
vle_0044,Aronu,40.0,0.3,0.476,,,,,,,,,,,,,,,,,,,,,,,,,,,,,,,,,,,,,,,,,,,,,,,-3.472254700102365e-12,6.09447248223205e-08,0,True,converged,pressure,1.8326,1.3935363512752845,7.483979115417531,-0.11894938018623309,6.074735043881674e-07
vle_0045,Aronu,40.0,0.3,0.477,,,,,,,,,,,,,,,,,,,,,,,,,,,,,,,,,,,,,,,,,,,,,,,-3.4960979148144045e-12,6.228819415809994e-08,0,True,converged,pressure,1.8278,1.473590272756785,7.56291419745268,-0.09355192692803889,4.17574483435601e-07
vle_0046,Hilliard,40.0,0.3,0.481,,,,,,,,,,,,,,,,,,,,,,,,,,,,,,,,,,,,,,,,,,,,,,,-3.5788266470437164e-12,6.174644084921965e-08,0,True,converged,pressure,0.883,1.851971452720814,7.936837628484708,0.3216735843723548,8.08215439462856e-07
vle_0047,Aronu,40.0,0.3,0.485,,,,,,,,,,,,,,,,,,,,,,,,,,,,,,,,,,,,,,,,,,,,,,,-3.628822122348617e-12,5.970622396489489e-08,0,True,converged,pressure,2.3193,2.3451167997612496,8.425593752410453,0.004807549861969497,6.115949524598818e-08
vle_0048,Aronu,40.0,0.3,0.489,,,,,,,,,,,,,,,,,,,,,,,,,,,,,,,,,,,,,,,,,,,,,,,-3.6191446064430262e-12,6.065466706672851e-08,0,True,converged,pressure,2.8577,2.9880898541914016,9.06426403447557,0.019377018095618644,4.034468101821176e-07
vle_0049,Hilliard,40.0,0.3,0.491,,,,,,,,,,,,,,,,,,,,,,,,,,,,,,,,,,,,,,,,,,,,,,,-3.5858671497494268e-12,6.080585635004354e-08,0,True,converged,pressure,1.1,3.378857720530053,9.45291740433135,0.48737721940458406,1.3833966777676565e-07
vle_0050,Hilliard,40.0,0.3,0.501,,,,,,,,,,,,,,,,,,,,,,,,,,,,,,,,,,,,,,,,,,,,,,,-1.356573564491148e-13,8.697042019889523e-08,0,True,converged,pressure,1.87,6.280219396395121,12.34395819061481,0.5261332093311756,1.2434440344044617e-07
vle_0051,Jou,40.0,0.3,0.513,,,,,,,,,,,,,,,,,,,,,,,,,,,,,,,,,,,,,,,,,,,,,,,-2.5831543192513436e-12,5.308595873998456e-08,0,True,converged,pressure,2.57,12.79361898825968,18.845319235476165,0.6970602893500524,2.9982625715518907e-07
vle_0052,Aronu,40.0,0.3,0.516,,,,,,,,,,,,,,,,,,,,,,,,,,,,,,,,,,,,,,,,,,,,,,,-5.013297656562566e-12,9.921910404386836e-08,0,True,converged,pressure,8.5583,15.103030856035135,21.15177601796081,0.2466766036360031,9.273344083737811e-07
vle_0053,Hilliard,40.0,0.3,0.518,,,,,,,,,,,,,,,,,,,,,,,,,,,,,,,,,,,,,,,,,,,,,,,-4.91768986796488e-12,9.512035603620461e-08,0,True,converged,pressure,3.03,16.815552596864087,22.862336716186157,0.7442685152759406,2.732008095307492e-07
vle_0054,Aronu,40.0,0.3,0.524,,,,,,,,,,,,,,,,,,,,,,,,,,,,,,,,,,,,,,,,,,,,,,,-4.6607157166385146e-12,8.934954820460916e-08,0,True,converged,pressure,11.812,22.837592428165983,28.87864950631017,0.28632687974511134,2.510703884794907e-07
vle_0055,Jou,40.0,0.3,0.557,,,,,,,,,,,,,,,,,,,,,,,,,,,,,,,,,,,,,,,,,,,,,,,-7.453465691068082e-12,9.797555478030517e-08,0,True,converged,pressure,8.09,83.2796180770215,89.29666271836989,1.0125902032064609,1.3738423376707942e-07
vle_0056,Hilliard,40.0,0.3,0.591,,,,,,,,,,,,,,,,,,,,,,,,,,,,,,,,,,,,,,,,,,,,,,,-1.1946684194542146e-11,5.8314000739301264e-08,0,True,converged,pressure,28.3,199.9734551512819,205.9864938513194,0.8491859149075403,7.935321808538731e-07
vle_0057,Jou,40.0,0.3,0.609,,,,,,,,,,,,,,,,,,,,,,,,,,,,,,,,,,,,,,,,,,,,,,,-1.2145117590000993e-11,8.208458268654795e-08,0,True,converged,pressure,36.1,285.4812306951404,291.5022935634676,0.8980703584048052,8.593331779493951e-07
vle_0058,Jou,40.0,0.3,0.642,,,,,,,,,,,,,,,,,,,,,,,,,,,,,,,,,,,,,,,,,,,,,,,-3.660262047024985e-12,6.439595523488606e-08,0,True,converged,pressure,103.0,485.25146276506814,491.30667581197855,0.673129628515125,3.1664304067646754e-08
vle_0059,Aronu,60.0,0.3,0.053,,,,,,,,,,,,,,,,,,,,,,,,,,,,,,,,,,,,,,,,,,,,,,,-7.594462439561994e-13,5.3139999067752797e-08,0,True,converged,pressure,0.0045,0.00021376907892334596,17.344200628467767,-1.3232676277956659,5.812869101617935e-07
vle_0060,Jou,60.0,0.3,0.0564,,,,,,,,,,,,,,,,,,,,,,,,,,,,,,,,,,,,,,,,,,,,,,,-2.2717766795347927e-12,5.978591488542406e-08,0,True,converged,pressure,0.00428,0.0002456515893480438,17.33915669492576,-1.2411241906793056,4.5630497780280166e-07
vle_0061,Aronu,60.0,0.3,0.105,,,,,,,,,,,,,,,,,,,,,,,,,,,,,,,,,,,,,,,,,,,,,,,-1.024567111957786e-10,5.8072753716942316e-08,0,True,converged,pressure,0.0154,0.001132689607533999,17.267234361197254,-1.1334098049743657,6.44000859750804e-07
vle_0062,Hilliard,60.0,0.3,0.114,,,,,,,,,,,,,,,,,,,,,,,,,,,,,,,,,,,,,,,,,,,,,,,-1.1591902881102813e-10,6.435967847551183e-08,0,True,converged,pressure,0.0194,0.0014228051346265465,17.253953255313736,-1.1346563061294774,4.4766600959533775e-07
vle_0063,Jou,60.0,0.3,0.119,,,,,,,,,,,,,,,,,,,,,,,,,,,,,,,,,,,,,,,,,,,,,,,-1.228935513737043e-10,6.682621744857897e-08,0,True,converged,pressure,0.0193,0.001607876626494725,17.246564076801096,-1.0793045870382105,5.81597310311821e-07
vle_0064,Aronu,60.0,0.3,0.162,,,,,,,,,,,,,,,,,,,,,,,,,,,,,,,,,,,,,,,,,,,,,,,-1.4376077480108185e-10,7.34495486653941e-08,0,True,converged,pressure,0.0427,0.004201070073116694,17.18336117481692,-1.007067949470344,3.491646705100493e-08
vle_0065,Hilliard,60.0,0.3,0.191,,,,,,,,,,,,,,,,,,,,,,,,,,,,,,,,,,,,,,,,,,,,,,,-1.3455370742125855e-10,7.391400558276473e-08,0,True,converged,pressure,0.0589,0.007582367831482127,17.141112908041947,-0.8903104459406699,7.372670354222066e-07
vle_0066,Jou,60.0,0.3,0.206,,,,,,,,,,,,,,,,,,,,,,,,,,,,,,,,,,,,,,,,,,,,,,,-1.2542088843559777e-10,7.234057086691337e-08,0,True,converged,pressure,0.0579,0.010193382426081242,17.11952980437073,-0.7543602457431149,2.317229785830932e-08
vle_0067,Aronu,60.0,0.3,0.244,,,,,,,,,,,,,,,,,,,,,,,,,,,,,,,,,,,,,,,,,,,,,,,-7.69041762534517e-11,5.628514898603498e-08,0,True,converged,pressure,0.1348,0.021312131151028077,17.067055927560666,-0.8010630121306155,6.90148331539131e-08
vle_0068,Hilliard,60.0,0.3,0.291,,,,,,,,,,,,,,,,,,,,,,,,,,,,,,,,,,,,,,,,,,,,,,,-1.7631793555633363e-12,5.651168422105002e-08,0,True,converged,pressure,0.209,0.05358998591019789,17.01442796748697,-0.5910626432515084,3.2076848038853356e-08
vle_0069,Aronu,60.0,0.3,0.303,,,,,,,,,,,,,,,,,,,,,,,,,,,,,,,,,,,,,,,,,,,,,,,-1.793458785276955e-12,5.4871755139629386e-08,0,True,converged,pressure,0.3015,0.06831818798444386,17.00606213730224,-0.6447509775129212,3.7545512136805126e-07
vle_0070,Aronu,60.0,0.3,0.36,,,,,,,,,,,,,,,,,,,,,,,,,,,,,,,,,,,,,,,,,,,,,,,-2.06980084994598e-12,6.79184637419894e-08,0,True,converged,pressure,0.6436,0.2358872802940694,17.054018975481192,-0.43591151229057773,7.117549136737011e-07
vle_0071,Hilliard,60.0,0.3,0.386,,,,,,,,,,,,,,,,,,,,,,,,,,,,,,,,,,,,,,,,,,,,,,,-2.3370726052361423e-12,7.060329920705044e-08,0,True,converged,pressure,0.763,0.4476083434887944,17.204865529214082,-0.2316263647067641,1.137146536933642e-07
vle_0072,Jou,60.0,0.3,0.389,,,,,,,,,,,,,,,,,,,,,,,,,,,,,,,,,,,,,,,,,,,,,,,-2.377876679146752e-12,7.234350007934154e-08,0,True,converged,pressure,0.528,0.48408823782105315,17.234050747480932,-0.037709392075261715,2.3341021027079023e-07
vle_0073,Aronu,60.0,0.3,0.393,,,,,,,,,,,,,,,,,,,,,,,,,,,,,,,,,,,,,,,,,,,,,,,-2.4363500039091714e-12,7.342368846252612e-08,0,True,converged,pressure,1.097,0.5382928860469118,17.27844681806116,-0.3091879872555605,2.0621571250600823e-07
vle_0074,Aronu,60.0,0.3,0.428,,,,,,,,,,,,,,,,,,,,,,,,,,,,,,,,,,,,,,,,,,,,,,,-3.1268550872881503e-12,7.560754511359846e-08,0,True,converged,pressure,2.5014,1.5056918253829283,18.156399408986793,-0.22044705294890907,2.8844755517454246e-07
vle_0075,Jou,60.0,0.3,0.438,,,,,,,,,,,,,,,,,,,,,,,,,,,,,,,,,,,,,,,,,,,,,,,-3.381104687643266e-12,7.52985620522395e-08,0,True,converged,pressure,2.01,2.1057969430028125,18.730191801998785,0.020220433462662363,9.436037058385693e-07
vle_0076,Hilliard,60.0,0.3,0.485,,,,,,,,,,,,,,,,,,,,,,,,,,,,,,,,,,,,,,,,,,,,,,,-4.375838045386706e-12,5.430476690548858e-08,0,True,converged,pressure,4.86,14.123621580366626,30.63372097885466,0.46330980356530777,8.347038717992916e-07
vle_0077,Aronu,60.0,0.3,0.491,,,,,,,,,,,,,,,,,,,,,,,,,,,,,,,,,,,,,,,,,,,,,,,-4.2087963670012006e-12,5.405904346389434e-08,0,True,converged,pressure,13.558,18.572250446071997,35.070213098172005,0.1366689019043289,5.805903136035795e-08
vle_0078,Jou,60.0,0.3,0.504,,,,,,,,,,,,,,,,,,,,,,,,,,,,,,,,,,,,,,,,,,,,,,,-3.712337696093402e-12,6.168126276406838e-08,0,True,converged,pressure,11.0,33.456846173858,49.93112258462881,0.48309231441359163,6.36317335711567e-07
vle_0079,Hilliard,60.0,0.3,0.544,,,,,,,,,,,,,,,,,,,,,,,,,,,,,,,,,,,,,,,,,,,,,,,-3.0243731976586497e-12,8.811532836716651e-08,0,True,converged,pressure,25.8,152.72271778168502,169.1683530717142,0.7722839379915694,8.170015606268066e-07
vle_0080,Jou,60.0,0.3,0.561,,,,,,,,,,,,,,,,,,,,,,,,,,,,,,,,,,,,,,,,,,,,,,,-3.608420781376462e-12,9.744852036419616e-08,0,True,converged,pressure,34.0,246.26849022479593,262.73644498653624,0.859929930862949,2.1170646657964198e-07
vle_0081,Jou,60.0,0.3,0.579,,,,,,,,,,,,,,,,,,,,,,,,,,,,,,,,,,,,,,,,,,,,,,,-4.243779353882465e-12,9.744402618139247e-08,0,True,converged,pressure,82.0,374.915588339581,391.4352010123717,0.6601196456241748,6.839754753684701e-07
vle_0082,Jou,60.0,0.3,0.668,,,,,,,,,,,,,,,,,,,,,,,,,,,,,,,,,,,,,,,,,,,,,,,-3.722343079351951e-11,8.780401117292058e-08,0,True,converged,pressure,282.0,1417.0304409503517,1434.2463275443083,0.7011300716350574,7.011824623148755e-07
vle_0083,Aronu,80.0,0.3,0.017,,,,,,,,,,,,,,,,,,,,,,,,,,,,,,,,,,,,,,,,,,,,,,,-1.1538311809906193e-12,7.55992424217311e-08,0,True,converged,pressure,0.0056,0.00018320448555346315,41.53319195414072,-1.4852519243377464,2.3402381017778584e-07
vle_0084,Jou,80.0,0.3,0.0174,,,,,,,,,,,,,,,,,,,,,,,,,,,,,,,,,,,,,,,,,,,,,,,-1.941297871153186e-14,6.603564273177653e-08,0,True,converged,pressure,0.00296,0.00019138628901027216,41.531983953352544,-1.189380889532797,5.530323625713152e-07
vle_0085,Jou,80.0,0.3,0.0236,,,,,,,,,,,,,,,,,,,,,,,,,,,,,,,,,,,,,,,,,,,,,,,-1.5349270519968844e-12,7.498907805825183e-08,0,True,converged,pressure,0.00484,0.00034349706317052513,41.512880250103024,-1.148922333361762,5.171105392776099e-07
vle_0086,Aronu,80.0,0.3,0.04,,,,,,,,,,,,,,,,,,,,,,,,,,,,,,,,,,,,,,,,,,,,,,,2.1651129030093603e-11,7.215157893369906e-08,0,True,converged,pressure,0.0219,0.0010028194901034984,41.46028073600503,-1.339221348825832,1.1077551906324423e-07
vle_0087,Aronu,80.0,0.3,0.075,,,,,,,,,,,,,,,,,,,,,,,,,,,,,,,,,,,,,,,,,,,,,,,-1.3386059879026322e-10,7.171486871015986e-08,0,True,converged,pressure,0.0557,0.004131785684885081,41.347245162241514,-1.1297174085327462,2.4037317558622817e-07
vle_0088,Jou,80.0,0.3,0.0781,,,,,,,,,,,,,,,,,,,,,,,,,,,,,,,,,,,,,,,,,,,,,,,-1.5686572490109896e-10,8.22753847273816e-08,0,True,converged,pressure,0.0465,0.004561287232333563,41.33729749470357,-1.0083655314953759,8.065048016092646e-07
vle_0089,Jou,80.0,0.3,0.118,,,,,,,,,,,,,,,,,,,,,,,,,,,,,,,,,,,,,,,,,,,,,,,-1.5604132016120375e-10,8.50031796062467e-08,0,True,converged,pressure,0.0992,0.013544365068723295,41.211900220897775,-0.8647530211174377,6.512480830167533e-07
vle_0090,Aronu,80.0,0.3,0.122,,,,,,,,,,,,,,,,,,,,,,,,,,,,,,,,,,,,,,,,,,,,,,,-1.2953013770085342e-12,9.607158091284873e-08,0,True,converged,pressure,0.1406,0.014907000652872924,41.1996973533866,-0.9745950501980758,6.088583120733571e-07
vle_0091,Aronu,80.0,0.3,0.155,,,,,,,,,,,,,,,,,,,,,,,,,,,,,,,,,,,,,,,,,,,,,,,-4.8996812229489765e-12,9.596653072208028e-08,0,True,converged,pressure,0.2485,0.031131925725546048,41.1020957212943,-0.9021204074298389,3.3818162847865096e-07
vle_0092,Jou,80.0,0.3,0.187,,,,,,,,,,,,,,,,,,,,,,,,,,,,,,,,,,,,,,,,,,,,,,,-2.422936043084702e-12,5.367096633790425e-08,0,True,converged,pressure,0.278,0.059814549313690776,41.01719579062863,-0.6672379611251639,1.2695601725454253e-07
vle_0093,Aronu,80.0,0.3,0.216,,,,,,,,,,,,,,,,,,,,,,,,,,,,,,,,,,,,,,,,,,,,,,,-4.807453338141667e-12,8.137837781418966e-08,0,True,converged,pressure,0.6137,0.10520150326605107,40.95585590006125,-0.7659341776155814,9.78973784385162e-07
vle_0094,Aronu,80.0,0.3,0.271,,,,,,,,,,,,,,,,,,,,,,,,,,,,,,,,,,,,,,,,,,,,,,,-2.6329759880144442e-12,6.176090749931973e-08,0,True,converged,pressure,1.2538,0.30132348445339807,40.93550182108379,-0.6191952846060144,9.098931898349205e-07
vle_0095,Aronu,80.0,0.3,0.347,,,,,,,,,,,,,,,,,,,,,,,,,,,,,,,,,,,,,,,,,,,,,,,-2.088647351445355e-12,6.224078319405635e-08,0,True,converged,pressure,3.7522,1.408941911818145,41.7023836552354,-0.4253928908302761,1.4723687338791258e-08
vle_0096,Jou,80.0,0.3,0.348,,,,,,,,,,,,,,,,,,,,,,,,,,,,,,,,,,,,,,,,,,,,,,,-2.099714301710562e-12,6.18251974060513e-08,0,True,converged,pressure,2.67,1.44008932324764,41.72869068089552,-0.2681218308037336,1.3578903690358857e-07
vle_0097,Aronu,80.0,0.3,0.398,,,,,,,,,,,,,,,,,,,,,,,,,,,,,,,,,,,,,,,,,,,,,,,-5.864208778470705e-12,8.897588088530028e-08,0,True,converged,pressure,8.3031,4.701824816649425,44.73985998957378,-0.2469738245733485,5.828367601878881e-07
vle_0098,Aronu,80.0,0.3,0.4,,,,,,,,,,,,,,,,,,,,,,,,,,,,,,,,,,,,,,,,,,,,,,,-3.0214094266630545e-12,5.24770662480023e-08,0,True,converged,pressure,7.9387,4.952064037791148,44.97999797606832,-0.20496313831318017,1.8789926947704316e-07
vle_0099,Jou,80.0,0.3,0.46,,,,,,,,,,,,,,,,,,,,,,,,,,,,,,,,,,,,,,,,,,,,,,,-2.0870287065820796e-12,5.485583898234836e-08,0,True,converged,pressure,16.0,29.405132717640335,69.16579835119234,0.26430316123886605,1.755278411508243e-08
vle_0100,Jou,80.0,0.3,0.517,,,,,,,,,,,,,,,,,,,,,,,,,,,,,,,,,,,,,,,,,,,,,,,-5.460653467701084e-12,8.656554584263176e-08,0,True,converged,pressure,56.0,199.33715936019217,239.07133835118822,0.5514002380806379,2.787514326030305e-07
vle_0101,Jou,80.0,0.3,0.5785,,,,,,,,,,,,,,,,,,,,,,,,,,,,,,,,,,,,,,,,,,,,,,,-3.1022909931009104e-11,6.199784863269997e-08,0,True,converged,pressure,235.0,852.8999336007971,893.4235799334908,0.559830218328064,1.0969887043188464e-07
vle_0102,Jou,80.0,0.3,0.64,,,,,,,,,,,,,,,,,,,,,,,,,,,,,,,,,,,,,,,,,,,,,,,-7.035258529640788e-11,7.449354555433274e-08,0,True,converged,pressure,558.0,2004.5383998903,2046.9940873866954,0.5553801812801551,9.727897243294592e-08
vle_0103,Jou,80.0,0.3,0.689,,,,,,,,,,,,,,,,,,,,,,,,,,,,,,,,,,,,,,,,,,,,,,,-5.8094922173653374e-11,6.814333275428908e-08,0,True,converged,pressure,958.0,3187.583637009709,3232.401737940773,0.5220960796937467,7.381071611689549e-07
vle_0104,Jou,100.0,0.3,0.0117,,,,,,,,,,,,,,,,,,,,,,,,,,,,,,,,,,,,,,,,,,,,,,,-4.4791999428105134e-13,3.076867827189744e-08,0,True,converged,pressure,0.00724,0.0006586493397515123,89.47451498549056,-1.041084305385774,8.789998341696137e-08
vle_0105,Jou,100.0,0.3,0.0566,,,,,,,,,,,,,,,,,,,,,,,,,,,,,,,,,,,,,,,,,,,,,,,1.3405284067307625e-10,5.356704591008565e-08,0,True,converged,pressure,0.136,0.015713397425858748,89.19625293137962,-0.9372688134777301,1.4009819793159295e-07
vle_0106,Jou,100.0,0.3,0.188,,,,,,,,,,,,,,,,,,,,,,,,,,,,,,,,,,,,,,,,,,,,,,,-2.2381032599522936e-12,9.232835296302255e-08,0,True,converged,pressure,1.43,0.44227038807637414,88.70211017783595,-0.5096481750241172,5.550207826665599e-07
vle_0107,Xu,100.0,0.3,0.315,,,,,,,,,,,,,,,,,,,,,,,,,,,,,,,,,,,,,,,,,,,,,,,-2.50842143721165e-12,9.713500759289673e-08,0,True,converged,pressure,16.0,4.969420154881712,92.20946051487832,-0.5078142655979203,9.688743342617379e-07
vle_0108,Xu,100.0,0.3,0.315,,,,,,,,,,,,,,,,,,,,,,,,,,,,,,,,,,,,,,,,,,,,,,,-2.508414381850716e-12,9.648571364095915e-08,0,True,converged,pressure,12.0,4.969435754954369,92.20958242262718,-0.3828741656485007,2.3229547263525774e-07
vle_0109,Jou,100.0,0.3,0.381,,,,,,,,,,,,,,,,,,,,,,,,,,,,,,,,,,,,,,,,,,,,,,,-5.203815482267885e-12,9.157077585086881e-08,0,True,converged,pressure,19.0,19.931414046232582,106.63031445873581,0.020784510125539245,7.450312007467597e-07
vle_0110,Xu,100.0,0.3,0.388,,,,,,,,,,,,,,,,,,,,,,,,,,,,,,,,,,,,,,,,,,,,,,,-5.566534792324297e-12,8.83057076350724e-08,0,True,converged,pressure,34.0,23.39563596344631,110.0452190400305,-0.1623440619290387,6.056270915877349e-07
vle_0111,Jou,100.0,0.3,0.422,,,,,,,,,,,,,,,,,,,,,,,,,,,,,,,,,,,,,,,,,,,,,,,-4.71883200035094e-12,9.764875130713335e-08,0,True,converged,pressure,39.0,53.266063996415575,139.7325894070856,0.13538599950505617,1.678464851551098e-07
vle_0112,Xu,100.0,0.3,0.424,,,,,,,,,,,,,,,,,,,,,,,,,,,,,,,,,,,,,,,,,,,,,,,-2.447777024809762e-12,5.495630261975748e-08,0,True,converged,pressure,101.0,56.03697740363634,142.4966312160814,-0.25584667208546713,5.890634628968883e-07
vle_0113,Xu,100.0,0.3,0.425,,,,,,,,,,,,,,,,,,,,,,,,,,,,,,,,,,,,,,,,,,,,,,,-2.493212567567472e-12,5.520583457041539e-08,0,True,converged,pressure,86.0,57.48101506879538,143.93752292626394,-0.17497402242013868,1.8081075880971298e-07
vle_0114,Xu,100.0,0.3,0.475,,,,,,,,,,,,,,,,,,,,,,,,,,,,,,,,,,,,,,,,,,,,,,,-2.9338010001727e-12,6.156848897376221e-08,0,True,converged,pressure,95.0,214.83790298119197,301.3931873562097,0.3543872993150914,2.803183687394295e-07
vle_0115,Jou,100.0,0.3,0.477,,,,,,,,,,,,,,,,,,,,,,,,,,,,,,,,,,,,,,,,,,,,,,,-3.02379711219443e-12,6.324964019199797e-08,0,True,converged,pressure,69.0,226.4428179030344,313.01779175644043,0.5161094599626871,1.1638377372946707e-08
vle_0116,Jou,100.0,0.3,0.481,,,,,,,,,,,,,,,,,,,,,,,,,,,,,,,,,,,,,,,,,,,,,,,-3.209520333153986e-12,6.208018277220617e-08,0,True,converged,pressure,109.0,251.39427388440797,338.01390534565644,0.3629288834096103,2.201705191495762e-07
vle_0117,Xu,100.0,0.3,0.501,,,,,,,,,,,,,,,,,,,,,,,,,,,,,,,,,,,,,,,,,,,,,,,-4.287181024639009e-12,7.907201293733124e-08,0,True,converged,pressure,167.0,415.5084160005906,502.4779237540617,0.39586335356845564,1.595763841066855e-07
vle_0118,Xu,100.0,0.3,0.52,,,,,,,,,,,,,,,,,,,,,,,,,,,,,,,,,,,,,,,,,,,,,,,-6.703004066197496e-12,7.837256177367635e-08,0,True,converged,pressure,233.0,640.6832921402341,728.2250204340143,0.4392874775000803,7.10185887431436e-07
vle_0119,Jou,100.0,0.3,0.571,,,,,,,,,,,,,,,,,,,,,,,,,,,,,,,,,,,,,,,,,,,,,,,-2.060356099975432e-11,6.376067673841135e-08,0,True,converged,pressure,509.0,1592.2079834661838,1682.676405141557,0.495282014841258,7.861877353576574e-07
vle_0120,Jou,100.0,0.3,0.589,,,,,,,,,,,,,,,,,,,,,,,,,,,,,,,,,,,,,,,,,,,,,,,-1.3301716694516537e-11,5.529004809545768e-08,0,True,converged,pressure,376.0,2035.4875024209423,2127.4893710963843,0.733480595294864,1.1300733060437551e-07
vle_0121,Jou,100.0,0.3,0.6135,,,,,,,,,,,,,,,,,,,,,,,,,,,,,,,,,,,,,,,,,,,,,,,-3.528171135710919e-11,9.715216719996533e-08,0,True,converged,pressure,909.0,2713.5446509623944,2808.054934203004,0.4749730890016297,7.7872148729341e-08
vle_0122,Jou,120.0,0.3,0.00333,,,,,,,,,,,,,,,,,,,,,,,,,,,,,,,,,,,,,,,,,,,,,,,-2.1942216381527768e-13,5.753028631261259e-08,0,True,converged,pressure,0.00202,0.0004967353142440755,176.77442458180212,-0.6092263331958031,1.5878215467446388e-07
vle_0123,Jou,120.0,0.3,0.0112,,,,,,,,,,,,,,,,,,,,,,,,,,,,,,,,,,,,,,,,,,,,,,,-2.682374179545366e-13,7.247614419725323e-08,0,True,converged,pressure,0.0221,0.0037713742397198404,176.71273623744824,-0.7678926433794916,9.942652778455185e-07
vle_0124,Jou,120.0,0.3,0.0247,,,,,,,,,,,,,,,,,,,,,,,,,,,,,,,,,,,,,,,,,,,,,,,-5.53924642970622e-13,4.7127748814546067e-08,0,True,converged,pressure,0.0984,0.01728758660580071,176.5658458160334,-0.7552607296189848,2.8367069848656e-07
vle_0125,Jou,120.0,0.3,0.119,,,,,,,,,,,,,,,,,,,,,,,,,,,,,,,,,,,,,,,,,,,,,,,-1.0728536911267612e-12,8.400004958275531e-08,0,True,converged,pressure,2.29,0.6465855604575766,175.99369682412015,-0.5492094806161869,1.834420593205266e-07
vle_0126,Mamun,120.0,0.3,0.155,,,,,,,,,,,,,,,,,,,,,,,,,,,,,,,,,,,,,,,,,,,,,,,-1.1585639860537322e-12,9.475244056034171e-08,0,True,converged,pressure,7.354,1.4350565423531234,176.30855686327823,-0.7096546125825638,5.8197538344018085e-08
vle_0127,Mamun,120.0,0.3,0.1766,,,,,,,,,,,,,,,,,,,,,,,,,,,,,,,,,,,,,,,,,,,,,,,-1.2262828276896043e-12,9.045047022482322e-08,0,True,converged,pressure,9.314,2.2209791974769346,176.80621182964754,-0.6225917427939778,2.0541343424829162e-07
vle_0128,Mamun,120.0,0.3,0.1843,,,,,,,,,,,,,,,,,,,,,,,,,,,,,,,,,,,,,,,,,,,,,,,-1.2563915497711652e-12,8.050602673392859e-08,0,True,converged,pressure,9.045,2.582198803420221,177.06399292385197,-0.5444188956571148,5.785382652945259e-07
vle_0129,Mamun,120.0,0.3,0.2085,,,,,,,,,,,,,,,,,,,,,,,,,,,,,,,,,,,,,,,,,,,,,,,-1.3729862414363098e-12,7.087110276415842e-08,0,True,converged,pressure,15.51,4.0965446103864975,178.25223149786544,-0.5781941092298829,5.371268629872361e-08
vle_0130,Mamun,120.0,0.3,0.2326,,,,,,,,,,,,,,,,,,,,,,,,,,,,,,,,,,,,,,,,,,,,,,,-1.5240611447899497e-12,6.375253036594586e-08,0,True,converged,pressure,19.62,6.409135131281176,180.24020820541284,-0.4858995746255577,2.1431950969486024e-07
vle_0131,Mamun,120.0,0.3,0.2381,,,,,,,,,,,,,,,,,,,,,,,,,,,,,,,,,,,,,,,,,,,,,,,-1.5634019809308809e-12,6.027756782600591e-08,0,True,converged,pressure,25.2,7.091548847849467,180.84887509227406,-0.550659442042427,5.840286059211053e-07
vle_0132,Mamun,120.0,0.3,0.256,,,,,,,,,,,,,,,,,,,,,,,,,,,,,,,,,,,,,,,,,,,,,,,-1.906604367674726e-12,7.462766760113482e-08,0,True,converged,pressure,27.71,9.846646555050084,183.36718633828173,-0.4493481765645238,8.122336376814587e-07
vle_0133,Mamun,120.0,0.3,0.2901,,,,,,,,,,,,,,,,,,,,,,,,,,,,,,,,,,,,,,,,,,,,,,,-1.6782093422330354e-12,6.743666247643887e-08,0,True,converged,pressure,39.18,18.432966846746563,191.5270676526654,-0.32746918968586436,4.90972341005147e-07
vle_0134,Mamun,120.0,0.3,0.2967,,,,,,,,,,,,,,,,,,,,,,,,,,,,,,,,,,,,,,,,,,,,,,,-1.884923394084175e-12,7.344392471964056e-08,0,True,converged,pressure,40.4,20.835397783656198,193.85316588918823,-0.2875795688079359,1.0365175207027733e-07
vle_0135,Mamun,120.0,0.3,0.3004,,,,,,,,,,,,,,,,,,,,,,,,,,,,,,,,,,,,,,,,,,,,,,,-2.0131099385202922e-12,7.743254215597517e-08,0,True,converged,pressure,43.49,22.322264649771284,195.29835278757628,-0.2896511548994861,9.799262752352433e-07
vle_0136,Mamun,120.0,0.3,0.3125,,,,,,,,,,,,,,,,,,,,,,,,,,,,,,,,,,,,,,,,,,,,,,,-2.5036726979764916e-12,8.859042921471882e-08,0,True,converged,pressure,51.82,28.008134182625014,200.8562363173367,-0.26721323025036986,4.1833125408174965e-08
vle_0137,Xu,120.0,0.3,0.314,,,,,,,,,,,,,,,,,,,,,,,,,,,,,,,,,,,,,,,,,,,,,,,-2.5729559978192394e-12,9.052346072735418e-08,0,True,converged,pressure,50.0,28.812307319005768,201.64539398711415,-0.23939196591717146,2.6542270337159835e-07
vle_0138,Xu,120.0,0.3,0.314,,,,,,,,,,,,,,,,,,,,,,,,,,,,,,,,,,,,,,,,,,,,,,,-2.572958005922599e-12,9.038238601988269e-08,0,True,converged,pressure,45.0,28.812288494304642,201.64539398711415,-0.19363475910560413,1.5782883541759496e-07
vle_0139,Mamun,120.0,0.3,0.3191,,,,,,,,,,,,,,,,,,,,,,,,,,,,,,,,,,,,,,,,,,,,,,,-2.824178455098557e-12,9.269592737837229e-08,0,True,converged,pressure,58.57,31.732720336724654,204.5165561957616,-0.2661679197628095,4.1965668717836024e-07
vle_0140,Mamun,120.0,0.3,0.3298,,,,,,,,,,,,,,,,,,,,,,,,,,,,,,,,,,,,,,,,,,,,,,,-3.4389953115479728e-12,9.865757988336554e-08,0,True,converged,pressure,62.88,38.92372744257625,211.61396854705922,-0.2082981102164022,7.145471518643642e-08
vle_0141,Mamun,120.0,0.3,0.3424,,,,,,,,,,,,,,,,,,,,,,,,,,,,,,,,,,,,,,,,,,,,,,,-2.060392266207049e-12,5.578498374347873e-08,0,True,converged,pressure,77.59,49.669518651951954,222.2692116824922,-0.1937158006067875,8.004773204284277e-07
vle_0142,Mamun,120.0,0.3,0.3424,,,,,,,,,,,,,,,,,,,,,,,,,,,,,,,,,,,,,,,,,,,,,,,-2.060414525597628e-12,5.365419397662663e-08,0,True,converged,pressure,74.95,49.66962418138709,222.26950553888267,-0.17868076320814597,2.5688402605084093e-07
vle_0143,Jou,120.0,0.3,0.349,,,,,,,,,,,,,,,,,,,,,,,,,,,,,,,,,,,,,,,,,,,,,,,-2.2051198364791223e-12,5.958698068297963e-08,0,True,converged,pressure,46.8,56.521290751062885,229.08415690305858,0.08196621800160746,7.749084440789034e-07
vle_0144,Mamun,120.0,0.3,0.35,,,,,,,,,,,,,,,,,,,,,,,,,,,,,,,,,,,,,,,,,,,,,,,-2.2278579705035595e-12,5.3646356690251196e-08,0,True,converged,pressure,83.61,57.644128775709476,230.20202833331132,-0.16150314372178665,6.18013310749177e-07
vle_0145,Mamun,120.0,0.3,0.3594,,,,,,,,,,,,,,,,,,,,,,,,,,,,,,,,,,,,,,,,,,,,,,,-4.903064495733492e-12,9.624867658430958e-08,0,True,converged,pressure,92.79,69.4402271643445,241.96142646734677,-0.12589004181621566,7.231775823457465e-07
vle_0146,Xu,120.0,0.3,0.37,,,,,,,,,,,,,,,,,,,,,,,,,,,,,,,,,,,,,,,,,,,,,,,-5.449175151768992e-12,9.120711297327944e-08,0,True,converged,pressure,63.0,85.89573145680347,258.3987338864832,0.13463103287804265,7.062717761741055e-07
vle_0147,Xu,120.0,0.3,0.385,,,,,,,,,,,,,,,,,,,,,,,,,,,,,,,,,,,,,,,,,,,,,,,-6.2839479133282555e-12,8.20115566568802e-08,0,True,converged,pressure,108.0,116.61481385729535,289.1432994973473,0.033329967901959,8.498214851826447e-07
vle_0148,Xu,120.0,0.3,0.387,,,,,,,,,,,,,,,,,,,,,,,,,,,,,,,,,,,,,,,,,,,,,,,-6.399182658232958e-12,8.136126794511256e-08,0,True,converged,pressure,62.0,121.5151907492844,294.052314792863,0.29223888346659305,5.417292587850397e-07
vle_0149,Mamun,120.0,0.3,0.3882,,,,,,,,,,,,,,,,,,,,,,,,,,,,,,,,,,,,,,,,,,,,,,,-6.468613559495995e-12,7.929637035886117e-08,0,True,converged,pressure,137.9,124.55824122868087,297.1011071783058,-0.044191798841792924,7.869899945611714e-07
vle_0150,Jou,120.0,0.3,0.4115,,,,,,,,,,,,,,,,,,,,,,,,,,,,,,,,,,,,,,,,,,,,,,,-4.473620029996549e-12,6.885279191237714e-08,0,True,converged,pressure,122.0,202.34908202174122,375.11526837115076,0.21974140783392643,9.664907416606638e-07
vle_0151,Mamun,120.0,0.3,0.4182,,,,,,,,,,,,,,,,,,,,,,,,,,,,,,,,,,,,,,,,,,,,,,,-5.041588189547379e-12,8.121253713966325e-08,0,True,converged,pressure,191.9,232.8835303598659,405.7600084155344,0.08406380136149526,8.771980353206033e-07
vle_0152,Xu,120.0,0.3,0.422,,,,,,,,,,,,,,,,,,,,,,,,,,,,,,,,,,,,,,,,,,,,,,,-5.3943109321685346e-12,8.781221794151861e-08,0,True,converged,pressure,237.0,252.2110029180976,425.16162941160485,0.027015683103960998,2.2171885527555446e-07
vle_0153,Xu,120.0,0.3,0.423,,,,,,,,,,,,,,,,,,,,,,,,,,,,,,,,,,,,,,,,,,,,,,,-5.491121454373535e-12,9.132833156400011e-08,0,True,converged,pressure,192.0,257.555595355991,430.52723637461116,0.1275697605968569,8.690981827541577e-07
vle_0154,Jou,120.0,0.3,0.444,,,,,,,,,,,,,,,,,,,,,,,,,,,,,,,,,,,,,,,,,,,,,,,-3.960173936751666e-12,7.105364829840255e-08,0,True,converged,pressure,222.0,398.75710127377755,572.3303934582555,0.2543554558253946,4.214243347622215e-07
vle_0155,Xu,120.0,0.3,0.467,,,,,,,,,,,,,,,,,,,,,,,,,,,,,,,,,,,,,,,,,,,,,,,-5.780969576806472e-12,9.547986223878979e-08,0,True,converged,pressure,283.0,632.3362084359968,807.029571511234,0.3491616152968706,9.130253761924223e-07
vle_0156,Jou,120.0,0.3,0.473,,,,,,,,,,,,,,,,,,,,,,,,,,,,,,,,,,,,,,,,,,,,,,,-3.175411902066672e-12,6.748828695890552e-08,0,True,converged,pressure,422.0,709.5446176772061,884.6307899704411,0.22566725905275348,2.516492605408871e-07
vle_0157,Xu,120.0,0.3,0.492,,,,,,,,,,,,,,,,,,,,,,,,,,,,,,,,,,,,,,,,,,,,,,,-4.224249110824602e-12,8.815367635861548e-08,0,True,converged,pressure,387.0,1003.3757770926514,1180.0299517455226,0.41375264731765043,6.995024000033823e-07
vle_0158,Xu,120.0,0.3,0.508,,,,,,,,,,,,,,,,,,,,,,,,,,,,,,,,,,,,,,,,,,,,,,,-5.29553468037993e-12,7.306092797421115e-08,0,True,converged,pressure,512.0,1311.0509185440387,1489.4464316549454,0.4083495981538207,8.044779762350629e-07
vle_0159,Jou,120.0,0.3,0.536,,,,,,,,,,,,,,,,,,,,,,,,,,,,,,,,,,,,,,,,,,,,,,,-9.061382045495556e-12,6.538612495887719e-08,0,True,converged,pressure,822.0,1979.6363673365006,2162.085363804523,0.3817136059727235,1.1432209134909499e-07
vle_0160,Jou,120.0,0.3,0.639,,,,,,,,,,,,,,,,,,,,,,,,,,,,,,,,,,,,,,,,,,,,,,,-4.2778659502497554e-11,8.03268100924015e-08,0,True,converged,pressure,2804.0,5617.994905464805,5827.656673753106,0.30180333174225793,9.584419338182215e-07
